rand insert 10000 16 33 23 96 3 4 30 34
rand delete 10000 24 55 12 66 1 3 31 34
rand insert 10000 16 31 23 89 3 4 28 32
rand delete 10000 25 51 12 63 1 3 28 32
rand insert 20000 16 33 23 97 3 4 28 34
rand delete 20000 24 50 12 66 1 3 29 34
rand insert 20000 16 31 23 92 3 4 28 32
rand delete 20000 24 49 13 70 1 3 28 32
rand insert 30000 19 39 26 115 3 4 37 40
rand delete 30000 29 61 12 80 1 3 36 40
rand insert 30000 17 33 24 98 3 4 31 34
rand delete 30000 25 53 13 73 1 3 31 34
rand insert 40000 18 34 25 101 3 4 30 35
rand delete 40000 26 50 12 65 1 3 31 35
rand insert 40000 18 39 26 118 3 4 36 40
rand delete 40000 28 57 12 82 1 3 35 40
rand insert 50000 19 39 27 117 3 4 36 40
rand delete 50000 29 58 13 82 1 3 35 40
rand insert 50000 18 37 26 110 3 4 34 38
rand delete 50000 29 59 13 80 1 3 34 38
rand insert 60000 19 38 26 110 3 4 35 39
rand delete 60000 28 57 13 76 1 3 34 39
rand insert 60000 22 41 29 120 3 4 37 42
rand delete 60000 32 62 12 87 1 3 37 42
rand insert 70000 18 35 25 103 3 4 31 36
rand delete 70000 27 53 13 71 1 3 32 36
rand insert 70000 19 36 26 107 3 4 33 37
rand delete 70000 29 57 12 79 1 3 33 37
rand insert 80000 19 41 26 120 3 4 37 42
rand delete 80000 29 61 12 80 1 3 36 42
rand insert 80000 20 39 28 115 3 4 36 40
rand delete 80000 30 60 12 77 1 3 36 40
rand insert 90000 19 36 26 107 3 4 33 37
rand delete 90000 28 59 13 75 1 3 33 37
rand insert 90000 18 39 26 116 3 4 36 40
rand delete 90000 28 58 13 82 1 3 36 40
rand insert 100000 20 37 27 112 3 4 34 38
rand delete 100000 31 65 13 77 1 3 35 38
rand insert 100000 20 42 27 123 3 4 37 43
rand delete 100000 30 70 12 90 1 3 38 43
asc insert 10000 4999 9999 4999 9999 3 4 5000 10000
asc delete 10000 4967 19746 4 5 2 3 4999 10000
asc insert 10000 4999 9999 4999 9999 3 4 5000 10000
asc delete 10000 4970 19860 4 5 2 3 4999 10000
asc insert 20000 9999 19999 9999 19999 3 4 10000 20000
asc delete 20000 10023 39424 4 5 2 3 9999 20000
asc insert 20000 9999 19999 9999 19999 3 4 10000 20000
asc delete 20000 9965 39734 4 5 2 3 9999 20000
asc insert 30000 14999 29999 14999 29999 3 4 15000 30000
asc delete 30000 15019 59614 4 5 2 3 14999 30000
asc insert 30000 14999 29999 14999 29999 3 4 15000 30000
asc delete 30000 15070 59340 4 5 2 3 14999 30000
asc insert 40000 19999 39999 19999 39999 3 4 20000 40000
asc delete 40000 19959 79740 4 5 2 3 19999 40000
asc insert 40000 19999 39999 19999 39999 3 4 20000 40000
asc delete 40000 19937 79984 4 5 2 3 19999 40000
asc insert 50000 24999 49999 24999 49999 3 4 25000 50000
asc delete 50000 24930 99290 4 5 2 3 24999 50000
asc insert 50000 24999 49999 24999 49999 3 4 25000 50000
asc delete 50000 24985 99252 4 5 2 3 24999 50000
asc insert 60000 29999 59999 29999 59999 3 4 30000 60000
asc delete 60000 30056 119552 4 5 2 3 29999 60000
asc insert 60000 29999 59999 29999 59999 3 4 30000 60000
asc delete 60000 30015 119832 4 5 2 3 29999 60000
asc insert 70000 34999 69999 34999 69999 3 4 35000 70000
asc delete 70000 35005 139034 4 5 2 3 34999 70000
asc insert 70000 34999 69999 34999 69999 3 4 35000 70000
asc delete 70000 35053 139002 4 5 2 3 34999 70000
asc insert 80000 39999 79999 39999 79999 3 4 40000 80000
asc delete 80000 40024 159426 4 5 2 3 39999 80000
asc insert 80000 39999 79999 39999 79999 3 4 40000 80000
asc delete 80000 39838 158764 4 5 2 3 39999 80000
asc insert 90000 44999 89999 44999 89999 3 4 45000 90000
asc delete 90000 44955 179216 4 5 2 3 44999 90000
asc insert 90000 44999 89999 44999 89999 3 4 45000 90000
asc delete 90000 45110 179168 4 5 2 3 44999 90000
asc insert 100000 49999 99999 49999 99999 3 4 50000 100000
asc delete 100000 49888 199288 4 5 2 3 49999 100000
asc insert 100000 49999 99999 49999 99999 3 4 50000 100000
asc delete 100000 49874 199814 4 5 2 3 49999 100000
rand insert 10000 16 33 23 96 3 4 30 34
rand delete 10000 24 55 12 66 1 3 31 34
rand insert 10000 16 31 23 89 3 4 28 32
rand delete 10000 25 51 12 63 1 3 28 32
rand insert 20000 16 33 23 97 3 4 28 34
rand delete 20000 24 50 12 66 1 3 29 34
rand insert 20000 16 31 23 92 3 4 28 32
rand delete 20000 24 49 13 70 1 3 28 32
rand insert 30000 19 39 26 115 3 4 37 40
rand delete 30000 29 61 12 80 1 3 36 40
rand insert 30000 17 33 24 98 3 4 31 34
rand delete 30000 25 53 13 73 1 3 31 34
rand insert 40000 18 34 25 101 3 4 30 35
rand delete 40000 26 50 12 65 1 3 31 35
rand insert 40000 18 39 26 118 3 4 36 40
rand delete 40000 28 57 12 82 1 3 35 40
rand insert 50000 19 39 27 117 3 4 36 40
rand delete 50000 29 58 13 82 1 3 35 40
rand insert 50000 18 37 26 110 3 4 34 38
rand delete 50000 29 59 13 80 1 3 34 38
rand insert 60000 19 38 26 110 3 4 35 39
rand delete 60000 28 57 13 76 1 3 34 39
rand insert 60000 22 41 29 120 3 4 37 42
rand delete 60000 32 62 12 87 1 3 37 42
rand insert 70000 18 35 25 103 3 4 31 36
rand delete 70000 27 53 13 71 1 3 32 36
rand insert 70000 19 36 26 107 3 4 33 37
rand delete 70000 29 57 12 79 1 3 33 37
rand insert 80000 19 41 26 120 3 4 37 42
rand delete 80000 29 61 12 80 1 3 36 42
rand insert 80000 20 39 28 115 3 4 36 40
rand delete 80000 30 60 12 77 1 3 36 40
rand insert 90000 19 36 26 107 3 4 33 37
rand delete 90000 28 59 13 75 1 3 33 37
rand insert 90000 18 39 26 116 3 4 36 40
rand delete 90000 28 58 13 82 1 3 36 40
rand insert 100000 20 37 27 112 3 4 34 38
rand delete 100000 31 65 13 77 1 3 35 38
rand insert 100000 20 42 27 123 3 4 37 43
rand delete 100000 30 70 12 90 1 3 38 43
asc insert 10000 4999 9999 4999 9999 3 4 5000 10000
asc delete 10000 4967 19746 4 5 2 3 4999 10000
asc insert 10000 4999 9999 4999 9999 3 4 5000 10000
asc delete 10000 4970 19860 4 5 2 3 4999 10000
asc insert 20000 9999 19999 9999 19999 3 4 10000 20000
asc delete 20000 10023 39424 4 5 2 3 9999 20000
asc insert 20000 9999 19999 9999 19999 3 4 10000 20000
asc delete 20000 9965 39734 4 5 2 3 9999 20000
asc insert 30000 14999 29999 14999 29999 3 4 15000 30000
asc delete 30000 15019 59614 4 5 2 3 14999 30000
asc insert 30000 14999 29999 14999 29999 3 4 15000 30000
asc delete 30000 15070 59340 4 5 2 3 14999 30000
asc insert 40000 19999 39999 19999 39999 3 4 20000 40000
asc delete 40000 19959 79740 4 5 2 3 19999 40000
asc insert 40000 19999 39999 19999 39999 3 4 20000 40000
asc delete 40000 19937 79984 4 5 2 3 19999 40000
asc insert 50000 24999 49999 24999 49999 3 4 25000 50000
asc delete 50000 24930 99290 4 5 2 3 24999 50000
asc insert 50000 24999 49999 24999 49999 3 4 25000 50000
asc delete 50000 24985 99252 4 5 2 3 24999 50000
asc insert 60000 29999 59999 29999 59999 3 4 30000 60000
asc delete 60000 30056 119552 4 5 2 3 29999 60000
asc insert 60000 29999 59999 29999 59999 3 4 30000 60000
asc delete 60000 30015 119832 4 5 2 3 29999 60000
asc insert 70000 34999 69999 34999 69999 3 4 35000 70000
asc delete 70000 35005 139034 4 5 2 3 34999 70000
asc insert 70000 34999 69999 34999 69999 3 4 35000 70000
asc delete 70000 35053 139002 4 5 2 3 34999 70000
asc insert 80000 39999 79999 39999 79999 3 4 40000 80000
asc delete 80000 40024 159426 4 5 2 3 39999 80000
asc insert 80000 39999 79999 39999 79999 3 4 40000 80000
asc delete 80000 39838 158764 4 5 2 3 39999 80000
asc insert 90000 44999 89999 44999 89999 3 4 45000 90000
asc delete 90000 44955 179216 4 5 2 3 44999 90000
asc insert 90000 44999 89999 44999 89999 3 4 45000 90000
asc delete 90000 45110 179168 4 5 2 3 44999 90000
asc insert 100000 49999 99999 49999 99999 3 4 50000 100000
asc delete 100000 49888 199288 4 5 2 3 49999 100000
asc insert 100000 49999 99999 49999 99999 3 4 50000 100000
asc delete 100000 49874 199814 4 5 2 3 49999 100000
rand insert 10000 16 33 23 96 3 4 30 34
rand delete 10000 24 55 12 66 1 3 31 34
rand insert 10000 16 31 23 89 3 4 28 32
rand delete 10000 25 51 12 63 1 3 28 32
rand insert 20000 16 33 23 97 3 4 28 34
rand delete 20000 24 50 12 66 1 3 29 34
rand insert 20000 16 31 23 92 3 4 28 32
rand delete 20000 24 49 13 70 1 3 28 32
rand insert 30000 19 39 26 115 3 4 37 40
rand delete 30000 29 61 12 80 1 3 36 40
rand insert 30000 17 33 24 98 3 4 31 34
rand delete 30000 25 53 13 73 1 3 31 34
rand insert 40000 18 34 25 101 3 4 30 35
rand delete 40000 26 50 12 65 1 3 31 35
rand insert 40000 18 39 26 118 3 4 36 40
rand delete 40000 28 57 12 82 1 3 35 40
rand insert 50000 19 39 27 117 3 4 36 40
rand delete 50000 29 58 13 82 1 3 35 40
rand insert 50000 18 37 26 110 3 4 34 38
rand delete 50000 29 59 13 80 1 3 34 38
rand insert 60000 19 38 26 110 3 4 35 39
rand delete 60000 28 57 13 76 1 3 34 39
rand insert 60000 22 41 29 120 3 4 37 42
rand delete 60000 32 62 12 87 1 3 37 42
rand insert 70000 18 35 25 103 3 4 31 36
rand delete 70000 27 53 13 71 1 3 32 36
rand insert 70000 19 36 26 107 3 4 33 37
rand delete 70000 29 57 12 79 1 3 33 37
rand insert 80000 19 41 26 120 3 4 37 42
rand delete 80000 29 61 12 80 1 3 36 42
rand insert 80000 20 39 28 115 3 4 36 40
rand delete 80000 30 60 12 77 1 3 36 40
rand insert 90000 19 36 26 107 3 4 33 37
rand delete 90000 28 59 13 75 1 3 33 37
rand insert 90000 18 39 26 116 3 4 36 40
rand delete 90000 28 58 13 82 1 3 36 40
rand insert 100000 20 37 27 112 3 4 34 38
rand delete 100000 31 65 13 77 1 3 35 38
rand insert 100000 20 42 27 123 3 4 37 43
rand delete 100000 30 70 12 90 1 3 38 43
asc insert 10000 4999 9999 4999 9999 3 4 5000 10000
asc delete 10000 4967 19746 4 5 2 3 4999 10000
asc insert 10000 4999 9999 4999 9999 3 4 5000 10000
asc delete 10000 4970 19860 4 5 2 3 4999 10000
asc insert 20000 9999 19999 9999 19999 3 4 10000 20000
asc delete 20000 10023 39424 4 5 2 3 9999 20000
asc insert 20000 9999 19999 9999 19999 3 4 10000 20000
asc delete 20000 9965 39734 4 5 2 3 9999 20000
asc insert 30000 14999 29999 14999 29999 3 4 15000 30000
asc delete 30000 15019 59614 4 5 2 3 14999 30000
asc insert 30000 14999 29999 14999 29999 3 4 15000 30000
asc delete 30000 15070 59340 4 5 2 3 14999 30000
asc insert 40000 19999 39999 19999 39999 3 4 20000 40000
asc delete 40000 19959 79740 4 5 2 3 19999 40000
asc insert 40000 19999 39999 19999 39999 3 4 20000 40000
asc delete 40000 19937 79984 4 5 2 3 19999 40000
asc insert 50000 24999 49999 24999 49999 3 4 25000 50000
asc delete 50000 24930 99290 4 5 2 3 24999 50000
asc insert 50000 24999 49999 24999 49999 3 4 25000 50000
asc delete 50000 24985 99252 4 5 2 3 24999 50000
asc insert 60000 29999 59999 29999 59999 3 4 30000 60000
asc delete 60000 30056 119552 4 5 2 3 29999 60000
asc insert 60000 29999 59999 29999 59999 3 4 30000 60000
asc delete 60000 30015 119832 4 5 2 3 29999 60000
asc insert 70000 34999 69999 34999 69999 3 4 35000 70000
asc delete 70000 35005 139034 4 5 2 3 34999 70000
asc insert 70000 34999 69999 34999 69999 3 4 35000 70000
asc delete 70000 35053 139002 4 5 2 3 34999 70000
asc insert 80000 39999 79999 39999 79999 3 4 40000 80000
asc delete 80000 40024 159426 4 5 2 3 39999 80000
asc insert 80000 39999 79999 39999 79999 3 4 40000 80000
asc delete 80000 39838 158764 4 5 2 3 39999 80000
asc insert 90000 44999 89999 44999 89999 3 4 45000 90000
asc delete 90000 44955 179216 4 5 2 3 44999 90000
asc insert 90000 44999 89999 44999 89999 3 4 45000 90000
asc delete 90000 45110 179168 4 5 2 3 44999 90000
asc insert 100000 49999 99999 49999 99999 3 4 50000 100000
asc delete 100000 49888 199288 4 5 2 3 49999 100000
asc insert 100000 49999 99999 49999 99999 3 4 50000 100000
asc delete 100000 49874 199814 4 5 2 3 49999 100000
rand insert 10000 16 33 23 96 3 4 30 34
rand delete 10000 24 55 12 66 1 3 31 34
rand insert 10000 16 31 23 89 3 4 28 32
rand delete 10000 25 51 12 63 1 3 28 32
rand insert 20000 16 33 23 97 3 4 28 34
rand delete 20000 24 50 12 66 1 3 29 34
rand insert 20000 16 31 23 92 3 4 28 32
rand delete 20000 24 49 13 70 1 3 28 32
rand insert 30000 19 39 26 115 3 4 37 40
rand delete 30000 29 61 12 80 1 3 36 40
rand insert 30000 17 33 24 98 3 4 31 34
rand delete 30000 25 53 13 73 1 3 31 34
rand insert 40000 18 34 25 101 3 4 30 35
rand delete 40000 26 50 12 65 1 3 31 35
rand insert 40000 18 39 26 118 3 4 36 40
rand delete 40000 28 57 12 82 1 3 35 40
rand insert 50000 19 39 27 117 3 4 36 40
rand delete 50000 29 58 13 82 1 3 35 40
rand insert 50000 18 37 26 110 3 4 34 38
rand delete 50000 29 59 13 80 1 3 34 38
rand insert 60000 19 38 26 110 3 4 35 39
rand delete 60000 28 57 13 76 1 3 34 39
rand insert 60000 22 41 29 120 3 4 37 42
rand delete 60000 32 62 12 87 1 3 37 42
rand insert 70000 18 35 25 103 3 4 31 36
rand delete 70000 27 53 13 71 1 3 32 36
rand insert 70000 19 36 26 107 3 4 33 37
rand delete 70000 29 57 12 79 1 3 33 37
rand insert 80000 19 41 26 120 3 4 37 42
rand delete 80000 29 61 12 80 1 3 36 42
rand insert 80000 20 39 28 115 3 4 36 40
rand delete 80000 30 60 12 77 1 3 36 40
rand insert 90000 19 36 26 107 3 4 33 37
rand delete 90000 28 59 13 75 1 3 33 37
rand insert 90000 18 39 26 116 3 4 36 40
rand delete 90000 28 58 13 82 1 3 36 40
rand insert 100000 20 37 27 112 3 4 34 38
rand delete 100000 31 65 13 77 1 3 35 38
rand insert 100000 20 42 27 123 3 4 37 43
rand delete 100000 30 70 12 90 1 3 38 43
asc insert 10000 4999 9999 4999 9999 3 4 5000 10000
asc delete 10000 4967 19746 4 5 2 3 4999 10000
asc insert 10000 4999 9999 4999 9999 3 4 5000 10000
asc delete 10000 4970 19860 4 5 2 3 4999 10000
asc insert 20000 9999 19999 9999 19999 3 4 10000 20000
asc delete 20000 10023 39424 4 5 2 3 9999 20000
asc insert 20000 9999 19999 9999 19999 3 4 10000 20000
asc delete 20000 9965 39734 4 5 2 3 9999 20000
asc insert 30000 14999 29999 14999 29999 3 4 15000 30000
asc delete 30000 15019 59614 4 5 2 3 14999 30000
asc insert 30000 14999 29999 14999 29999 3 4 15000 30000
asc delete 30000 15070 59340 4 5 2 3 14999 30000
asc insert 40000 19999 39999 19999 39999 3 4 20000 40000
asc delete 40000 19959 79740 4 5 2 3 19999 40000
asc insert 40000 19999 39999 19999 39999 3 4 20000 40000
asc delete 40000 19937 79984 4 5 2 3 19999 40000
asc insert 50000 24999 49999 24999 49999 3 4 25000 50000
asc delete 50000 24930 99290 4 5 2 3 24999 50000
asc insert 50000 24999 49999 24999 49999 3 4 25000 50000
asc delete 50000 24985 99252 4 5 2 3 24999 50000
asc insert 60000 29999 59999 29999 59999 3 4 30000 60000
asc delete 60000 30056 119552 4 5 2 3 29999 60000
asc insert 60000 29999 59999 29999 59999 3 4 30000 60000
asc delete 60000 30015 119832 4 5 2 3 29999 60000
asc insert 70000 34999 69999 34999 69999 3 4 35000 70000
asc delete 70000 35005 139034 4 5 2 3 34999 70000
asc insert 70000 34999 69999 34999 69999 3 4 35000 70000
asc delete 70000 35053 139002 4 5 2 3 34999 70000
asc insert 80000 39999 79999 39999 79999 3 4 40000 80000
asc delete 80000 40024 159426 4 5 2 3 39999 80000
asc insert 80000 39999 79999 39999 79999 3 4 40000 80000
asc delete 80000 39838 158764 4 5 2 3 39999 80000
asc insert 90000 44999 89999 44999 89999 3 4 45000 90000
asc delete 90000 44955 179216 4 5 2 3 44999 90000
asc insert 90000 44999 89999 44999 89999 3 4 45000 90000
asc delete 90000 45110 179168 4 5 2 3 44999 90000
asc insert 100000 49999 99999 49999 99999 3 4 50000 100000
asc delete 100000 49888 199288 4 5 2 3 49999 100000
asc insert 100000 49999 99999 49999 99999 3 4 50000 100000
asc delete 100000 49874 199814 4 5 2 3 49999 100000
rand insert 10000 16 33 23 96 3 4 30 34
rand delete 10000 24 55 12 66 1 3 31 34
rand insert 10000 16 31 23 89 3 4 28 32
rand delete 10000 25 51 12 63 1 3 28 32
rand insert 20000 16 33 23 97 3 4 28 34
rand delete 20000 24 50 12 66 1 3 29 34
rand insert 20000 16 31 23 92 3 4 28 32
rand delete 20000 24 49 13 70 1 3 28 32
rand insert 30000 19 39 26 115 3 4 37 40
rand delete 30000 29 61 12 80 1 3 36 40
rand insert 30000 17 33 24 98 3 4 31 34
rand delete 30000 25 53 13 73 1 3 31 34
rand insert 40000 18 34 25 101 3 4 30 35
rand delete 40000 26 50 12 65 1 3 31 35
rand insert 40000 18 39 26 118 3 4 36 40
rand delete 40000 28 57 12 82 1 3 35 40
rand insert 50000 19 39 27 117 3 4 36 40
rand delete 50000 29 58 13 82 1 3 35 40
rand insert 50000 18 37 26 110 3 4 34 38
rand delete 50000 29 59 13 80 1 3 34 38
rand insert 60000 19 38 26 110 3 4 35 39
rand delete 60000 28 57 13 76 1 3 34 39
rand insert 60000 22 41 29 120 3 4 37 42
rand delete 60000 32 62 12 87 1 3 37 42
rand insert 70000 18 35 25 103 3 4 31 36
rand delete 70000 27 53 13 71 1 3 32 36
rand insert 70000 19 36 26 107 3 4 33 37
rand delete 70000 29 57 12 79 1 3 33 37
rand insert 80000 19 41 26 120 3 4 37 42
rand delete 80000 29 61 12 80 1 3 36 42
rand insert 80000 20 39 28 115 3 4 36 40
rand delete 80000 30 60 12 77 1 3 36 40
rand insert 90000 19 36 26 107 3 4 33 37
rand delete 90000 28 59 13 75 1 3 33 37
rand insert 90000 18 39 26 116 3 4 36 40
rand delete 90000 28 58 13 82 1 3 36 40
rand insert 100000 20 37 27 112 3 4 34 38
rand delete 100000 31 65 13 77 1 3 35 38
rand insert 100000 20 42 27 123 3 4 37 43
rand delete 100000 30 70 12 90 1 3 38 43
asc insert 10000 4999 9999 4999 9999 3 4 5000 10000
asc delete 10000 4967 19746 4 5 2 3 4999 10000
asc insert 10000 4999 9999 4999 9999 3 4 5000 10000
asc delete 10000 4970 19860 4 5 2 3 4999 10000
asc insert 20000 9999 19999 9999 19999 3 4 10000 20000
asc delete 20000 10023 39424 4 5 2 3 9999 20000
asc insert 20000 9999 19999 9999 19999 3 4 10000 20000
asc delete 20000 9965 39734 4 5 2 3 9999 20000
asc insert 30000 14999 29999 14999 29999 3 4 15000 30000
asc delete 30000 15019 59614 4 5 2 3 14999 30000
asc insert 30000 14999 29999 14999 29999 3 4 15000 30000
asc delete 30000 15070 59340 4 5 2 3 14999 30000
asc insert 40000 19999 39999 19999 39999 3 4 20000 40000
asc delete 40000 19959 79740 4 5 2 3 19999 40000
asc insert 40000 19999 39999 19999 39999 3 4 20000 40000
asc delete 40000 19937 79984 4 5 2 3 19999 40000
asc insert 50000 24999 49999 24999 49999 3 4 25000 50000
asc delete 50000 24930 99290 4 5 2 3 24999 50000
asc insert 50000 24999 49999 24999 49999 3 4 25000 50000
asc delete 50000 24985 99252 4 5 2 3 24999 50000
asc insert 60000 29999 59999 29999 59999 3 4 30000 60000
asc delete 60000 30056 119552 4 5 2 3 29999 60000
asc insert 60000 29999 59999 29999 59999 3 4 30000 60000
asc delete 60000 30015 119832 4 5 2 3 29999 60000
asc insert 70000 34999 69999 34999 69999 3 4 35000 70000
asc delete 70000 35005 139034 4 5 2 3 34999 70000
asc insert 70000 34999 69999 34999 69999 3 4 35000 70000
asc delete 70000 35053 139002 4 5 2 3 34999 70000
asc insert 80000 39999 79999 39999 79999 3 4 40000 80000
asc delete 80000 40024 159426 4 5 2 3 39999 80000
asc insert 80000 39999 79999 39999 79999 3 4 40000 80000
asc delete 80000 39838 158764 4 5 2 3 39999 80000
asc insert 90000 44999 89999 44999 89999 3 4 45000 90000
asc delete 90000 44955 179216 4 5 2 3 44999 90000
asc insert 90000 44999 89999 44999 89999 3 4 45000 90000
asc delete 90000 45110 179168 4 5 2 3 44999 90000
asc insert 100000 49999 99999 49999 99999 3 4 50000 100000
asc delete 100000 49888 199288 4 5 2 3 49999 100000
asc insert 100000 49999 99999 49999 99999 3 4 50000 100000
asc delete 100000 49874 199814 4 5 2 3 49999 100000
rand insert 10000 16 33 23 96 3 4 30 34
rand delete 10000 24 55 12 66 1 3 31 34
rand insert 10000 16 31 23 89 3 4 28 32
rand delete 10000 25 51 12 63 1 3 28 32
rand insert 20000 16 33 23 97 3 4 28 34
rand delete 20000 24 50 12 66 1 3 29 34
rand insert 20000 16 31 23 92 3 4 28 32
rand delete 20000 24 49 13 70 1 3 28 32
rand insert 30000 19 39 26 115 3 4 37 40
rand delete 30000 29 61 12 80 1 3 36 40
rand insert 30000 17 33 24 98 3 4 31 34
rand delete 30000 25 53 13 73 1 3 31 34
rand insert 40000 18 34 25 101 3 4 30 35
rand delete 40000 26 50 12 65 1 3 31 35
rand insert 40000 18 39 26 118 3 4 36 40
rand delete 40000 28 57 12 82 1 3 35 40
rand insert 50000 19 39 27 117 3 4 36 40
rand delete 50000 29 58 13 82 1 3 35 40
rand insert 50000 18 37 26 110 3 4 34 38
rand delete 50000 29 59 13 80 1 3 34 38
rand insert 60000 19 38 26 110 3 4 35 39
rand delete 60000 28 57 13 76 1 3 34 39
rand insert 60000 22 41 29 120 3 4 37 42
rand delete 60000 32 62 12 87 1 3 37 42
rand insert 70000 18 35 25 103 3 4 31 36
rand delete 70000 27 53 13 71 1 3 32 36
rand insert 70000 19 36 26 107 3 4 33 37
rand delete 70000 29 57 12 79 1 3 33 37
rand insert 80000 19 41 26 120 3 4 37 42
rand delete 80000 29 61 12 80 1 3 36 42
rand insert 80000 20 39 28 115 3 4 36 40
rand delete 80000 30 60 12 77 1 3 36 40
rand insert 90000 19 36 26 107 3 4 33 37
rand delete 90000 28 59 13 75 1 3 33 37
rand insert 90000 18 39 26 116 3 4 36 40
rand delete 90000 28 58 13 82 1 3 36 40
rand insert 100000 20 37 27 112 3 4 34 38
rand delete 100000 31 65 13 77 1 3 35 38
rand insert 100000 20 42 27 123 3 4 37 43
rand delete 100000 30 70 12 90 1 3 38 43
asc insert 10000 4999 9999 4999 9999 3 4 5000 10000
asc delete 10000 4967 19746 4 5 2 3 4999 10000
asc insert 10000 4999 9999 4999 9999 3 4 5000 10000
asc delete 10000 4970 19860 4 5 2 3 4999 10000
asc insert 20000 9999 19999 9999 19999 3 4 10000 20000
asc delete 20000 10023 39424 4 5 2 3 9999 20000
asc insert 20000 9999 19999 9999 19999 3 4 10000 20000
asc delete 20000 9965 39734 4 5 2 3 9999 20000
asc insert 30000 14999 29999 14999 29999 3 4 15000 30000
asc delete 30000 15019 59614 4 5 2 3 14999 30000
asc insert 30000 14999 29999 14999 29999 3 4 15000 30000
asc delete 30000 15070 59340 4 5 2 3 14999 30000
asc insert 40000 19999 39999 19999 39999 3 4 20000 40000
asc delete 40000 19959 79740 4 5 2 3 19999 40000
asc insert 40000 19999 39999 19999 39999 3 4 20000 40000
asc delete 40000 19937 79984 4 5 2 3 19999 40000
asc insert 50000 24999 49999 24999 49999 3 4 25000 50000
asc delete 50000 24930 99290 4 5 2 3 24999 50000
asc insert 50000 24999 49999 24999 49999 3 4 25000 50000
asc delete 50000 24985 99252 4 5 2 3 24999 50000
asc insert 60000 29999 59999 29999 59999 3 4 30000 60000
asc delete 60000 30056 119552 4 5 2 3 29999 60000
asc insert 60000 29999 59999 29999 59999 3 4 30000 60000
asc delete 60000 30015 119832 4 5 2 3 29999 60000
asc insert 70000 34999 69999 34999 69999 3 4 35000 70000
asc delete 70000 35005 139034 4 5 2 3 34999 70000
asc insert 70000 34999 69999 34999 69999 3 4 35000 70000
asc delete 70000 35053 139002 4 5 2 3 34999 70000
asc insert 80000 39999 79999 39999 79999 3 4 40000 80000
asc delete 80000 40024 159426 4 5 2 3 39999 80000
asc insert 80000 39999 79999 39999 79999 3 4 40000 80000
asc delete 80000 39838 158764 4 5 2 3 39999 80000
asc insert 90000 44999 89999 44999 89999 3 4 45000 90000
asc delete 90000 44955 179216 4 5 2 3 44999 90000
asc insert 90000 44999 89999 44999 89999 3 4 45000 90000
asc delete 90000 45110 179168 4 5 2 3 44999 90000
asc insert 100000 49999 99999 49999 99999 3 4 50000 100000
asc delete 100000 49888 199288 4 5 2 3 49999 100000
asc insert 100000 49999 99999 49999 99999 3 4 50000 100000
asc delete 100000 49874 199814 4 5 2 3 49999 100000
rand insert 10000 16 33 23 96 3 4 30 34
rand delete 10000 24 55 12 66 1 3 31 34
rand insert 10000 16 31 23 89 3 4 28 32
rand delete 10000 25 51 12 63 1 3 28 32
rand insert 20000 16 33 23 97 3 4 28 34
rand delete 20000 24 50 12 66 1 3 29 34
rand insert 20000 16 31 23 92 3 4 28 32
rand delete 20000 24 49 13 70 1 3 28 32
rand insert 30000 19 39 26 115 3 4 37 40
rand delete 30000 29 61 12 80 1 3 36 40
rand insert 30000 17 33 24 98 3 4 31 34
rand delete 30000 25 53 13 73 1 3 31 34
rand insert 40000 18 34 25 101 3 4 30 35
rand delete 40000 26 50 12 65 1 3 31 35
rand insert 40000 18 39 26 118 3 4 36 40
rand delete 40000 28 57 12 82 1 3 35 40
rand insert 50000 19 39 27 117 3 4 36 40
rand delete 50000 29 58 13 82 1 3 35 40
rand insert 50000 18 37 26 110 3 4 34 38
rand delete 50000 29 59 13 80 1 3 34 38
rand insert 60000 19 38 26 110 3 4 35 39
rand delete 60000 28 57 13 76 1 3 34 39
rand insert 60000 22 41 29 120 3 4 37 42
rand delete 60000 32 62 12 87 1 3 37 42
rand insert 70000 18 35 25 103 3 4 31 36
rand delete 70000 27 53 13 71 1 3 32 36
rand insert 70000 19 36 26 107 3 4 33 37
rand delete 70000 29 57 12 79 1 3 33 37
rand insert 80000 19 41 26 120 3 4 37 42
rand delete 80000 29 61 12 80 1 3 36 42
rand insert 80000 20 39 28 115 3 4 36 40
rand delete 80000 30 60 12 77 1 3 36 40
rand insert 90000 19 36 26 107 3 4 33 37
rand delete 90000 28 59 13 75 1 3 33 37
rand insert 90000 18 39 26 116 3 4 36 40
rand delete 90000 28 58 13 82 1 3 36 40
rand insert 100000 20 37 27 112 3 4 34 38
rand delete 100000 31 65 13 77 1 3 35 38
rand insert 100000 20 42 27 123 3 4 37 43
rand delete 100000 30 70 12 90 1 3 38 43
asc insert 10000 4999 9999 4999 9999 3 4 5000 10000
asc delete 10000 4967 19746 4 5 2 3 4999 10000
asc insert 10000 4999 9999 4999 9999 3 4 5000 10000
asc delete 10000 4970 19860 4 5 2 3 4999 10000
asc insert 20000 9999 19999 9999 19999 3 4 10000 20000
asc delete 20000 10023 39424 4 5 2 3 9999 20000
asc insert 20000 9999 19999 9999 19999 3 4 10000 20000
asc delete 20000 9965 39734 4 5 2 3 9999 20000
asc insert 30000 14999 29999 14999 29999 3 4 15000 30000
asc delete 30000 15019 59614 4 5 2 3 14999 30000
asc insert 30000 14999 29999 14999 29999 3 4 15000 30000
asc delete 30000 15070 59340 4 5 2 3 14999 30000
asc insert 40000 19999 39999 19999 39999 3 4 20000 40000
asc delete 40000 19959 79740 4 5 2 3 19999 40000
asc insert 40000 19999 39999 19999 39999 3 4 20000 40000
asc delete 40000 19937 79984 4 5 2 3 19999 40000
asc insert 50000 24999 49999 24999 49999 3 4 25000 50000
asc delete 50000 24930 99290 4 5 2 3 24999 50000
asc insert 50000 24999 49999 24999 49999 3 4 25000 50000
asc delete 50000 24985 99252 4 5 2 3 24999 50000
asc insert 60000 29999 59999 29999 59999 3 4 30000 60000
asc delete 60000 30056 119552 4 5 2 3 29999 60000
asc insert 60000 29999 59999 29999 59999 3 4 30000 60000
asc delete 60000 30015 119832 4 5 2 3 29999 60000
asc insert 70000 34999 69999 34999 69999 3 4 35000 70000
asc delete 70000 35005 139034 4 5 2 3 34999 70000
asc insert 70000 34999 69999 34999 69999 3 4 35000 70000
asc delete 70000 35053 139002 4 5 2 3 34999 70000
asc insert 80000 39999 79999 39999 79999 3 4 40000 80000
asc delete 80000 40024 159426 4 5 2 3 39999 80000
asc insert 80000 39999 79999 39999 79999 3 4 40000 80000
asc delete 80000 39838 158764 4 5 2 3 39999 80000
asc insert 90000 44999 89999 44999 89999 3 4 45000 90000
asc delete 90000 44955 179216 4 5 2 3 44999 90000
asc insert 90000 44999 89999 44999 89999 3 4 45000 90000
asc delete 90000 45110 179168 4 5 2 3 44999 90000
asc insert 100000 49999 99999 49999 99999 3 4 50000 100000
asc delete 100000 49888 199288 4 5 2 3 49999 100000
asc insert 100000 49999 99999 49999 99999 3 4 50000 100000
asc delete 100000 49874 199814 4 5 2 3 49999 100000
rand insert 10000 16 33 23 96 3 4 30 34
rand delete 10000 24 55 12 66 1 3 31 34
rand insert 10000 16 31 23 89 3 4 28 32
rand delete 10000 25 51 12 63 1 3 28 32
rand insert 20000 16 33 23 97 3 4 28 34
rand delete 20000 24 50 12 66 1 3 29 34
rand insert 20000 16 31 23 92 3 4 28 32
rand delete 20000 24 49 13 70 1 3 28 32
rand insert 30000 19 39 26 115 3 4 37 40
rand delete 30000 29 61 12 80 1 3 36 40
rand insert 30000 17 33 24 98 3 4 31 34
rand delete 30000 25 53 13 73 1 3 31 34
rand insert 40000 18 34 25 101 3 4 30 35
rand delete 40000 26 50 12 65 1 3 31 35
rand insert 40000 18 39 26 118 3 4 36 40
rand delete 40000 28 57 12 82 1 3 35 40
rand insert 50000 19 39 27 117 3 4 36 40
rand delete 50000 29 58 13 82 1 3 35 40
rand insert 50000 18 37 26 110 3 4 34 38
rand delete 50000 29 59 13 80 1 3 34 38
rand insert 60000 19 38 26 110 3 4 35 39
rand delete 60000 28 57 13 76 1 3 34 39
rand insert 60000 22 41 29 120 3 4 37 42
rand delete 60000 32 62 12 87 1 3 37 42
rand insert 70000 18 35 25 103 3 4 31 36
rand delete 70000 27 53 13 71 1 3 32 36
rand insert 70000 19 36 26 107 3 4 33 37
rand delete 70000 29 57 12 79 1 3 33 37
rand insert 80000 19 41 26 120 3 4 37 42
rand delete 80000 29 61 12 80 1 3 36 42
rand insert 80000 20 39 28 115 3 4 36 40
rand delete 80000 30 60 12 77 1 3 36 40
rand insert 90000 19 36 26 107 3 4 33 37
rand delete 90000 28 59 13 75 1 3 33 37
rand insert 90000 18 39 26 116 3 4 36 40
rand delete 90000 28 58 13 82 1 3 36 40
rand insert 100000 20 37 27 112 3 4 34 38
rand delete 100000 31 65 13 77 1 3 35 38
rand insert 100000 20 42 27 123 3 4 37 43
rand delete 100000 30 70 12 90 1 3 38 43
asc insert 10000 4999 9999 4999 9999 3 4 5000 10000
asc delete 10000 4967 19746 4 5 2 3 4999 10000
asc insert 10000 4999 9999 4999 9999 3 4 5000 10000
asc delete 10000 4970 19860 4 5 2 3 4999 10000
asc insert 20000 9999 19999 9999 19999 3 4 10000 20000
asc delete 20000 10023 39424 4 5 2 3 9999 20000
asc insert 20000 9999 19999 9999 19999 3 4 10000 20000
asc delete 20000 9965 39734 4 5 2 3 9999 20000
asc insert 30000 14999 29999 14999 29999 3 4 15000 30000
asc delete 30000 15019 59614 4 5 2 3 14999 30000
asc insert 30000 14999 29999 14999 29999 3 4 15000 30000
asc delete 30000 15070 59340 4 5 2 3 14999 30000
asc insert 40000 19999 39999 19999 39999 3 4 20000 40000
asc delete 40000 19959 79740 4 5 2 3 19999 40000
asc insert 40000 19999 39999 19999 39999 3 4 20000 40000
asc delete 40000 19937 79984 4 5 2 3 19999 40000
asc insert 50000 24999 49999 24999 49999 3 4 25000 50000
asc delete 50000 24930 99290 4 5 2 3 24999 50000
asc insert 50000 24999 49999 24999 49999 3 4 25000 50000
asc delete 50000 24985 99252 4 5 2 3 24999 50000
asc insert 60000 29999 59999 29999 59999 3 4 30000 60000
asc delete 60000 30056 119552 4 5 2 3 29999 60000
asc insert 60000 29999 59999 29999 59999 3 4 30000 60000
asc delete 60000 30015 119832 4 5 2 3 29999 60000
asc insert 70000 34999 69999 34999 69999 3 4 35000 70000
asc delete 70000 35005 139034 4 5 2 3 34999 70000
asc insert 70000 34999 69999 34999 69999 3 4 35000 70000
asc delete 70000 35053 139002 4 5 2 3 34999 70000
asc insert 80000 39999 79999 39999 79999 3 4 40000 80000
asc delete 80000 40024 159426 4 5 2 3 39999 80000
asc insert 80000 39999 79999 39999 79999 3 4 40000 80000
asc delete 80000 39838 158764 4 5 2 3 39999 80000
asc insert 90000 44999 89999 44999 89999 3 4 45000 90000
asc delete 90000 44955 179216 4 5 2 3 44999 90000
asc insert 90000 44999 89999 44999 89999 3 4 45000 90000
asc delete 90000 45110 179168 4 5 2 3 44999 90000
asc insert 100000 49999 99999 49999 99999 3 4 50000 100000
asc delete 100000 49888 199288 4 5 2 3 49999 100000
asc insert 100000 49999 99999 49999 99999 3 4 50000 100000
asc delete 100000 49874 199814 4 5 2 3 49999 100000
rand insert 10000 16 33 23 96 3 4 30 34
rand delete 10000 24 55 12 66 1 3 31 34
rand insert 10000 16 31 23 89 3 4 28 32
rand delete 10000 25 51 12 63 1 3 28 32
rand insert 20000 16 33 23 97 3 4 28 34
rand delete 20000 24 50 12 66 1 3 29 34
rand insert 20000 16 31 23 92 3 4 28 32
rand delete 20000 24 49 13 70 1 3 28 32
rand insert 30000 19 39 26 115 3 4 37 40
rand delete 30000 29 61 12 80 1 3 36 40
rand insert 30000 17 33 24 98 3 4 31 34
rand delete 30000 25 53 13 73 1 3 31 34
rand insert 40000 18 34 25 101 3 4 30 35
rand delete 40000 26 50 12 65 1 3 31 35
rand insert 40000 18 39 26 118 3 4 36 40
rand delete 40000 28 57 12 82 1 3 35 40
rand insert 50000 19 39 27 117 3 4 36 40
rand delete 50000 29 58 13 82 1 3 35 40
rand insert 50000 18 37 26 110 3 4 34 38
rand delete 50000 29 59 13 80 1 3 34 38
rand insert 60000 19 38 26 110 3 4 35 39
rand delete 60000 28 57 13 76 1 3 34 39
rand insert 60000 22 41 29 120 3 4 37 42
rand delete 60000 32 62 12 87 1 3 37 42
rand insert 70000 18 35 25 103 3 4 31 36
rand delete 70000 27 53 13 71 1 3 32 36
rand insert 70000 19 36 26 107 3 4 33 37
rand delete 70000 29 57 12 79 1 3 33 37
rand insert 80000 19 41 26 120 3 4 37 42
rand delete 80000 29 61 12 80 1 3 36 42
rand insert 80000 20 39 28 115 3 4 36 40
rand delete 80000 30 60 12 77 1 3 36 40
rand insert 90000 19 36 26 107 3 4 33 37
rand delete 90000 28 59 13 75 1 3 33 37
rand insert 90000 18 39 26 116 3 4 36 40
rand delete 90000 28 58 13 82 1 3 36 40
rand insert 100000 20 37 27 112 3 4 34 38
rand delete 100000 31 65 13 77 1 3 35 38
rand insert 100000 20 42 27 123 3 4 37 43
rand delete 100000 30 70 12 90 1 3 38 43
asc insert 10000 4999 9999 4999 9999 3 4 5000 10000
asc delete 10000 4967 19746 4 5 2 3 4999 10000
asc insert 10000 4999 9999 4999 9999 3 4 5000 10000
asc delete 10000 4970 19860 4 5 2 3 4999 10000
asc insert 20000 9999 19999 9999 19999 3 4 10000 20000
asc delete 20000 10023 39424 4 5 2 3 9999 20000
asc insert 20000 9999 19999 9999 19999 3 4 10000 20000
asc delete 20000 9965 39734 4 5 2 3 9999 20000
asc insert 30000 14999 29999 14999 29999 3 4 15000 30000
asc delete 30000 15019 59614 4 5 2 3 14999 30000
asc insert 30000 14999 29999 14999 29999 3 4 15000 30000
asc delete 30000 15070 59340 4 5 2 3 14999 30000
asc insert 40000 19999 39999 19999 39999 3 4 20000 40000
asc delete 40000 19959 79740 4 5 2 3 19999 40000
asc insert 40000 19999 39999 19999 39999 3 4 20000 40000
asc delete 40000 19937 79984 4 5 2 3 19999 40000
asc insert 50000 24999 49999 24999 49999 3 4 25000 50000
asc delete 50000 24930 99290 4 5 2 3 24999 50000
asc insert 50000 24999 49999 24999 49999 3 4 25000 50000
asc delete 50000 24985 99252 4 5 2 3 24999 50000
asc insert 60000 29999 59999 29999 59999 3 4 30000 60000
asc delete 60000 30056 119552 4 5 2 3 29999 60000
asc insert 60000 29999 59999 29999 59999 3 4 30000 60000
asc delete 60000 30015 119832 4 5 2 3 29999 60000
asc insert 70000 34999 69999 34999 69999 3 4 35000 70000
asc delete 70000 35005 139034 4 5 2 3 34999 70000
asc insert 70000 34999 69999 34999 69999 3 4 35000 70000
asc delete 70000 35053 139002 4 5 2 3 34999 70000
asc insert 80000 39999 79999 39999 79999 3 4 40000 80000
asc delete 80000 40024 159426 4 5 2 3 39999 80000
asc insert 80000 39999 79999 39999 79999 3 4 40000 80000
asc delete 80000 39838 158764 4 5 2 3 39999 80000
asc insert 90000 44999 89999 44999 89999 3 4 45000 90000
asc delete 90000 44955 179216 4 5 2 3 44999 90000
asc insert 90000 44999 89999 44999 89999 3 4 45000 90000
asc delete 90000 45110 179168 4 5 2 3 44999 90000
asc insert 100000 49999 99999 49999 99999 3 4 50000 100000
asc delete 100000 49888 199288 4 5 2 3 49999 100000
asc insert 100000 49999 99999 49999 99999 3 4 50000 100000
asc delete 100000 49874 199814 4 5 2 3 49999 100000
rand insert 10000 16 33 23 96 3 4 30 34
rand delete 10000 24 55 12 66 1 3 31 34
rand insert 10000 16 31 23 89 3 4 28 32
rand delete 10000 25 51 12 63 1 3 28 32
rand insert 20000 16 33 23 97 3 4 28 34
rand delete 20000 24 50 12 66 1 3 29 34
rand insert 20000 16 31 23 92 3 4 28 32
rand delete 20000 24 49 13 70 1 3 28 32
rand insert 30000 19 39 26 115 3 4 37 40
rand delete 30000 29 61 12 80 1 3 36 40
rand insert 30000 17 33 24 98 3 4 31 34
rand delete 30000 25 53 13 73 1 3 31 34
rand insert 40000 18 34 25 101 3 4 30 35
rand delete 40000 26 50 12 65 1 3 31 35
rand insert 40000 18 39 26 118 3 4 36 40
rand delete 40000 28 57 12 82 1 3 35 40
rand insert 50000 19 39 27 117 3 4 36 40
rand delete 50000 29 58 13 82 1 3 35 40
rand insert 50000 18 37 26 110 3 4 34 38
rand delete 50000 29 59 13 80 1 3 34 38
rand insert 60000 19 38 26 110 3 4 35 39
rand delete 60000 28 57 13 76 1 3 34 39
rand insert 60000 22 41 29 120 3 4 37 42
rand delete 60000 32 62 12 87 1 3 37 42
rand insert 70000 18 35 25 103 3 4 31 36
rand delete 70000 27 53 13 71 1 3 32 36
rand insert 70000 19 36 26 107 3 4 33 37
rand delete 70000 29 57 12 79 1 3 33 37
rand insert 80000 19 41 26 120 3 4 37 42
rand delete 80000 29 61 12 80 1 3 36 42
rand insert 80000 20 39 28 115 3 4 36 40
rand delete 80000 30 60 12 77 1 3 36 40
rand insert 90000 19 36 26 107 3 4 33 37
rand delete 90000 28 59 13 75 1 3 33 37
rand insert 90000 18 39 26 116 3 4 36 40
rand delete 90000 28 58 13 82 1 3 36 40
rand insert 100000 20 37 27 112 3 4 34 38
rand delete 100000 31 65 13 77 1 3 35 38
rand insert 100000 20 42 27 123 3 4 37 43
rand delete 100000 30 70 12 90 1 3 38 43
asc insert 10000 4999 9999 4999 9999 3 4 5000 10000
asc delete 10000 4967 19746 4 5 2 3 4999 10000
asc insert 10000 4999 9999 4999 9999 3 4 5000 10000
asc delete 10000 4970 19860 4 5 2 3 4999 10000
asc insert 20000 9999 19999 9999 19999 3 4 10000 20000
asc delete 20000 10023 39424 4 5 2 3 9999 20000
asc insert 20000 9999 19999 9999 19999 3 4 10000 20000
asc delete 20000 9965 39734 4 5 2 3 9999 20000
asc insert 30000 14999 29999 14999 29999 3 4 15000 30000
asc delete 30000 15019 59614 4 5 2 3 14999 30000
asc insert 30000 14999 29999 14999 29999 3 4 15000 30000
asc delete 30000 15070 59340 4 5 2 3 14999 30000
asc insert 40000 19999 39999 19999 39999 3 4 20000 40000
asc delete 40000 19959 79740 4 5 2 3 19999 40000
asc insert 40000 19999 39999 19999 39999 3 4 20000 40000
asc delete 40000 19937 79984 4 5 2 3 19999 40000
asc insert 50000 24999 49999 24999 49999 3 4 25000 50000
asc delete 50000 24930 99290 4 5 2 3 24999 50000
asc insert 50000 24999 49999 24999 49999 3 4 25000 50000
asc delete 50000 24985 99252 4 5 2 3 24999 50000
asc insert 60000 29999 59999 29999 59999 3 4 30000 60000
asc delete 60000 30056 119552 4 5 2 3 29999 60000
asc insert 60000 29999 59999 29999 59999 3 4 30000 60000
asc delete 60000 30015 119832 4 5 2 3 29999 60000
asc insert 70000 34999 69999 34999 69999 3 4 35000 70000
asc delete 70000 35005 139034 4 5 2 3 34999 70000
asc insert 70000 34999 69999 34999 69999 3 4 35000 70000
asc delete 70000 35053 139002 4 5 2 3 34999 70000
asc insert 80000 39999 79999 39999 79999 3 4 40000 80000
asc delete 80000 40024 159426 4 5 2 3 39999 80000
asc insert 80000 39999 79999 39999 79999 3 4 40000 80000
asc delete 80000 39838 158764 4 5 2 3 39999 80000
asc insert 90000 44999 89999 44999 89999 3 4 45000 90000
asc delete 90000 44955 179216 4 5 2 3 44999 90000
asc insert 90000 44999 89999 44999 89999 3 4 45000 90000
asc delete 90000 45110 179168 4 5 2 3 44999 90000
asc insert 100000 49999 99999 49999 99999 3 4 50000 100000
asc delete 100000 49888 199288 4 5 2 3 49999 100000
asc insert 100000 49999 99999 49999 99999 3 4 50000 100000
asc delete 100000 49874 199814 4 5 2 3 49999 100000
