1000 2000 3000 4000 5000 6000 7000 8000 9000 10000 11000 12000 13000 14000 15000 16000 17000 18000 19000 20000 21000 22000 23000 24000 25000 26000 27000 28000 29000 30000 31000 32000 33000 34000 35000 36000 37000 38000 39000 40000 41000 42000 43000 44000 45000 46000 47000 48000 49000 50000 51000 52000 53000 54000 55000 56000 57000 58000 59000 60000 61000 62000 63000 64000 65000 66000 67000 68000 69000 70000 71000 72000 73000 74000 75000 76000 77000 78000 79000 80000 81000 82000 83000 84000 85000 86000 87000 88000 89000 90000 91000 92000 93000 94000 95000 96000 97000 98000 99000 100000 
10.86 11.92 12.54 12.96 13.26 13.5 13.82 13.94 14.1 14.3 14.6 14.54 14.68 14.76 14.9 14.98 15.04 15.26 15.32 15.34 15.48 15.46 15.6 15.7 15.72 15.72 15.72 15.74 15.78 15.92 15.94 16 16.02 16.06 16.12 16.26 16.28 16.22 16.22 16.3 16.44 16.46 16.36 16.48 16.56 16.64 16.68 16.56 16.7 16.8 16.82 16.7 16.66 16.72 16.82 16.78 16.86 16.86 16.84 16.9 16.9 16.94 16.94 16.98 17 17.02 17.06 17.12 17.04 17.2 17.08 17.2 17.22 17.24 17.2 17.2 17.34 17.34 17.46 17.3 17.5 17.4 17.62 17.5 17.52 17.48 17.42 17.54 17.66 17.58 17.56 17.58 17.64 17.64 17.68 17.52 17.68 17.64 17.68 17.52 
353.32 425.12 541.3 326.12 504.36 552.68 551.46 468.32 454.62 469.4 477.26 492.8 473.92 450.38 450.18 447.7 480.1 418.48 463.84 527.66 636.44 551.3 513.22 479.54 525.02 497.54 561.28 491.42 560.92 523.8 583.68 505.5 567.56 490.48 638.5 499.84 538.84 526.48 568.98 613.84 640.74 675.68 553.06 649.62 626.42 625.38 519.76 518.56 615.64 697.16 586.66 587.36 593.54 564.76 581.92 430.3 561.34 609.48 547.18 466.7 523.94 569.96 620.36 556 547.12 630.36 632.78 589.88 773.66 676.86 553.26 748.94 713.68 895.02 609.72 587.84 528.98 553.26 634.9 665.58 580.34 571.7 730.46 679.18 665.78 649.08 615.12 572.7 621.54 681.68 657.24 665.5 641.8 597.36 592.9 666.74 720.5 568 622.14 522.88 
11 11.98 12.76 13 13.56 13.66 13.78 13.98 14.2 14.34 14.52 14.64 14.76 14.76 14.88 14.94 15.02 15.16 15.22 15.46 15.42 15.64 15.46 15.68 15.62 15.64 15.74 15.82 15.88 15.94 15.96 15.98 16.02 16.16 16.08 16.2 16.24 16.3 16.36 16.36 16.4 16.4 16.38 16.46 16.54 16.58 16.6 16.66 16.68 16.76 16.6 16.74 16.76 16.76 16.84 16.9 16.8 16.9 16.94 16.94 16.96 16.92 17 16.98 16.98 17 17.02 17.08 17.12 17.1 17.06 17.3 17.26 17.16 17.42 17.18 17.32 17.32 17.4 17.32 17.4 17.34 17.3 17.46 17.46 17.46 17.4 17.64 17.6 17.6 17.6 17.58 17.6 17.62 17.6 17.6 17.64 17.7 17.66 17.78 
468.48 605.08 675.86 434.18 565.82 536.38 578.34 614.58 509.74 538.38 537.6 569.52 563.78 487.48 564.02 486 515.06 544.06 622.88 630.36 750.3 690.74 812 975.62 686.22 636.1 691.86 827.46 741.74 709.38 689.74 601.9 726.6 899.04 650.22 696.74 749.04 778.74 671.78 885.24 866.38 1121.54 798.78 671.92 653.26 538.9 548.26 597.68 403.12 642.86 868.16 632.78 861.8 762.34 631.44 665.98 627.76 768.96 614.6 578.7 1036.84 768.4 795.76 991.54 746.26 713.3 774.06 760.96 841.22 779.74 893.68 1047.9 757.48 838.38 964.1 939.84 829.34 1024.82 903.94 1296.98 1014.96 940.4 886.06 1032.4 923.5 1059.46 756.12 683.04 800.44 981.58 872.1 769.62 1045.88 1129.26 899.64 689.76 602.02 728.02 760.76 924.62 
11 12 12.72 13 13.34 13.66 13.84 13.98 14.42 14.38 14.6 14.72 14.86 14.84 14.94 15 15.06 15.14 15.28 15.4 15.46 15.6 15.54 15.6 15.64 15.84 15.86 15.78 15.92 15.94 15.92 15.96 16 16.16 16.08 16.3 16.24 16.32 16.32 16.4 16.42 16.54 16.66 16.58 16.68 16.62 16.62 16.54 16.54 16.74 16.68 16.76 16.68 16.84 16.8 16.88 16.8 16.82 16.82 16.92 16.98 16.96 16.98 16.98 16.96 17 17.06 17.08 17.08 17.12 17.2 17.16 17.12 17.26 17.24 17.26 17.3 17.22 17.3 17.42 17.3 17.4 17.46 17.44 17.5 17.42 17.48 17.54 17.56 17.56 17.64 17.62 17.56 17.62 17.68 17.62 17.72 17.6 17.74 17.7 
392.36 436.1 426.74 377.98 526.68 482.68 391.28 451.78 379.06 476.18 350.3 430.66 472.88 498.4 492.2 446.48 477.5 430.7 544.5 446.78 419.54 468.66 438.7 400.64 425.9 433.32 411.04 427.14 394.02 372.58 428.68 469.54 378.38 408.94 379.14 481.66 398.9 431.08 386.22 428.38 350.96 390.28 441.46 307.98 407.16 349.1 383.94 464.94 384.5 371.72 360.22 369.36 472.94 357.1 375.14 405.2 415.2 377.48 489.72 453.02 419.88 376.76 492.8 406.54 407.12 392.3 402.46 428.44 406.62 451.5 408.04 382.76 445.66 434.16 399.06 496.78 433.58 479.46 435.34 391.38 415.32 426.7 423.7 468.12 406.1 395.58 447.34 459.54 410.62 437.32 409.74 399.16 396.44 440.54 444.46 473.32 430.78 431.54 409.08 486.62 
10 11 12 12 13 13 13 13 14 14 14 14 14 14 14 14 15 15 15 15 15 15 15 15 15 15 15 15 15 15 15 15 16 16 16 16 16 16 16 16 16 16 16 16 16 16 16 16 16 16 16 16 16 16 16 16 16 16 16 16 16 16 16 16 16 17 17 17 17 17 17 17 17 17 17 17 17 17 17 17 17 17 17 17 17 17 17 17 17 17 17 17 17 17 17 17 17 17 17 17 
390.86 429.72 517.82 469.68 433.3 426.44 471.48 451.32 391.74 276.26 441.82 370.6 402.84 335.1 372.76 383.98 395.78 406.56 374.26 408.04 417.24 468.68 444.3 408.7 514.1 447.2 458.24 383.4 440 401.3 418.22 419.62 431.84 446.56 457.38 503 491.94 422.52 417.7 426.46 590.6 499.82 509.12 384.1 497.68 455.02 475.5 449.98 503.88 504.92 455.28 412.54 346.22 452.04 326.36 431.4 493.14 296.08 364.22 401.02 436.96 449.76 398.7 442.5 487.36 469.16 455.22 471.48 468.22 440.78 462.54 509.46 476.36 483.96 500.16 573.44 550.6 493.12 508.08 633.7 495.2 503.24 530.26 502.04 467.46 466.82 482.94 591.52 413.56 511.16 509.68 456.4 462.26 562.74 447.3 770.88 639.04 485.64 569.24 488.84 
10.98 11.98 12.6 12.98 13.38 13.56 13.82 14 14.2 14.24 14.5 14.6 14.74 14.74 14.9 14.96 15.1 15.22 15.3 15.38 15.38 15.58 15.66 15.6 15.7 15.72 15.84 15.72 15.92 15.9 15.94 16 16 16.04 16.06 16.16 16.2 16.36 16.3 16.34 16.34 16.52 16.46 16.58 16.58 16.54 16.66 16.58 16.7 16.7 16.72 16.64 16.74 16.76 16.86 16.82 16.84 16.86 16.84 16.9 16.88 16.94 16.96 17 17 17 17.04 17.06 17.1 17.12 17.06 17.12 17.28 17.26 17.32 17.24 17.36 17.32 17.4 17.46 17.34 17.4 17.4 17.42 17.54 17.5 17.4 17.56 17.56 17.54 17.5 17.6 17.7 17.6 17.66 17.62 17.58 17.58 17.64 17.64 
586.56 582.62 461.48 586.52 445.78 640.22 564 653.44 492.5 604.38 522.32 575.62 510.9 490.06 522.92 650.34 621.9 610 569.82 603.1 659.16 705.34 760.24 576.78 629.08 760.1 752.68 773.96 705.32 653.74 650.04 696 665.8 850.8 892.72 727 883.44 898.02 1001.12 833.52 1038.28 817.44 930.14 833.6 648.24 737.9 702.46 784.9 917.22 400.54 740.9 575.18 849.8 424.56 788.9 775.42 848.06 720.46 1044.06 836.86 757.68 785.58 863.44 859.8 1016.62 739.24 1065.84 1091 843.02 630.06 796.84 898.5 683.38 1008.12 876.9 786.32 999.28 947.58 711.4 1307.04 841.04 817.1 851.2 690.12 787.14 671.36 976.96 1092.68 938.44 783.06 754.44 1123.68 815.04 957.08 840.08 769.04 774.92 852.94 747.86 916.52 