asc insert 10000 5000 10000 5000 10000 4 4 5000 10000
asc delete 10000 2483 9769 2490 9776 1 2 4999 10000
rand insert 10000 18 32 25 91 4 4 28 31
rand delete 10000 15 31 31 88 3 8 29 31
asc insert 10000 5000 10000 5000 10000 4 4 5000 10000
asc delete 10000 2525 9848 2532 9855 1 2 4999 10000
rand insert 10000 16 36 23 104 4 4 30 35
rand delete 10000 13 32 29 93 3 8 32 35
asc insert 10000 5000 10000 5000 10000 4 4 5000 10000
asc delete 10000 2525 9848 2532 9855 1 2 4999 10000
rand insert 10000 16 36 23 104 4 4 30 35
rand delete 10000 13 32 29 93 3 8 32 35
asc insert 10000 5000 10000 5000 10000 4 4 5000 10000
asc delete 10000 2525 9848 2532 9855 1 2 4999 10000
rand insert 10000 16 36 23 104 4 4 30 35
rand delete 10000 13 32 29 93 3 8 32 35
asc insert 10000 5000 10000 5000 10000 4 4 5000 10000
asc delete 10000 2525 9848 2532 9855 1 2 4999 10000
rand insert 10000 16 36 23 104 4 4 30 35
rand delete 10000 13 32 29 93 3 8 32 35
asc insert 10000 5000 10000 5000 10000 4 4 5000 10000
asc delete 10000 2525 9848 2532 9855 1 2 4999 10000
rand insert 10000 16 36 23 104 4 4 30 35
rand delete 10000 13 32 29 93 3 8 32 35
asc insert 10000 5000 10000 5000 10000 4 4 5000 10000
asc delete 10000 2506 9748 2513 9755 1 2 4999 10000
rand insert 10000 15 29 22 82 4 4 23 28
rand delete 10000 12 28 29 84 3 8 25 28
asc insert 10000 5000 10000 5000 10000 4 4 5000 10000
asc delete 10000 2506 9748 2513 9755 1 2 4999 10000
rand insert 10000 15 29 22 82 4 4 23 28
rand delete 10000 12 28 29 84 3 8 25 28
asc insert 10000 5000 10000 5000 10000 4 4 5000 10000
asc delete 10000 2506 9748 2513 9755 1 2 4999 10000
rand insert 10000 15 29 22 82 4 4 23 28
rand delete 10000 12 28 29 84 3 8 25 28
asc insert 10000 5000 10000 5000 10000 4 4 5000 10000
asc delete 10000 2506 9748 2513 9755 1 2 4999 10000
rand insert 10000 15 29 22 82 4 4 23 28
rand delete 10000 12 28 29 84 3 8 25 28
asc insert 10000 5000 10000 5000 10000 4 4 5000 10000
asc delete 10000 2506 9748 2513 9755 1 2 4999 10000
rand insert 10000 15 29 22 82 4 4 23 28
rand delete 10000 12 28 29 84 3 8 25 28
asc insert 10000 5000 10000 5000 10000 4 4 5000 10000
asc delete 10000 2506 9748 2513 9755 1 2 4999 10000
rand insert 10000 15 29 22 82 4 4 23 28
rand delete 10000 12 28 29 84 3 8 25 28
asc insert 10000 5000 10000 5000 10000 4 4 5000 10000
asc delete 10000 2481 9942 2488 9949 1 2 4999 10000
rand insert 10000 17 34 24 100 4 4 27 33
rand delete 10000 14 31 30 97 3 8 30 33
asc insert 10000 5000 10000 5000 10000 4 4 5000 10000
asc delete 10000 2481 9942 2488 9949 1 2 4999 10000
rand insert 10000 17 34 24 100 4 4 27 33
rand delete 10000 14 31 30 97 3 8 30 33
asc insert 10000 5000 10000 5000 10000 4 4 5000 10000
asc delete 10000 2481 9942 2488 9949 1 2 4999 10000
rand insert 10000 17 34 24 100 4 4 27 33
rand delete 10000 14 31 30 97 3 8 30 33
asc insert 10000 5000 10000 5000 10000 4 4 5000 10000
asc delete 10000 2481 9942 2488 9949 1 2 4999 10000
rand insert 10000 17 34 24 100 4 4 27 33
rand delete 10000 14 31 30 97 3 8 30 33
asc insert 10000 5000 10000 5000 10000 4 4 5000 10000
asc delete 10000 2481 9942 2488 9949 1 2 4999 10000
rand insert 10000 17 34 24 100 4 4 27 33
rand delete 10000 14 31 30 97 3 8 30 33
asc insert 10000 5000 10000 5000 10000 4 4 5000 10000
asc delete 10000 2481 9942 2488 9949 1 2 4999 10000
rand insert 10000 17 34 24 100 4 4 27 33
rand delete 10000 14 31 30 97 3 8 30 33
asc insert 10000 5000 10000 5000 10000 4 4 5000 10000
asc delete 10000 2518 9940 2525 9947 1 2 4999 10000
rand insert 10000 16 30 23 87 4 4 26 29
rand delete 10000 13 29 29 86 3 8 28 29
asc insert 10000 5000 10000 5000 10000 4 4 5000 10000
asc delete 10000 2518 9940 2525 9947 1 2 4999 10000
rand insert 10000 16 30 23 87 4 4 26 29
rand delete 10000 13 29 29 86 3 8 28 29
asc insert 20000 10000 20000 10000 20000 4 4 10000 20000
asc delete 20000 5002 19661 5009 19668 1 2 9999 20000
rand insert 20000 18 33 25 98 4 4 27 32
rand delete 20000 15 31 31 94 3 8 30 32
asc insert 20000 10000 20000 10000 20000 4 4 10000 20000
asc delete 20000 5023 19919 5030 19926 1 2 9999 20000
rand insert 20000 18 33 25 94 4 4 28 32
rand delete 20000 15 32 31 91 3 8 30 32
asc insert 20000 10000 20000 10000 20000 4 4 10000 20000
asc delete 20000 5023 19919 5030 19926 1 2 9999 20000
rand insert 20000 18 33 25 94 4 4 28 32
rand delete 20000 15 32 31 91 3 8 30 32
asc insert 20000 10000 20000 10000 20000 4 4 10000 20000
asc delete 20000 4948 19881 4955 19888 1 2 9999 20000
rand insert 20000 19 37 26 107 4 4 32 36
rand delete 20000 16 34 32 101 3 8 34 36
asc insert 20000 10000 20000 10000 20000 4 4 10000 20000
asc delete 20000 4948 19881 4955 19888 1 2 9999 20000
rand insert 20000 19 37 26 107 4 4 32 36
rand delete 20000 16 34 32 101 3 8 34 36
asc insert 20000 10000 20000 10000 20000 4 4 10000 20000
asc delete 20000 5000 19805 5007 19812 1 2 9999 20000
rand insert 20000 17 31 24 90 4 4 26 30
rand delete 20000 14 30 30 88 3 8 28 30
asc insert 20000 10000 20000 10000 20000 4 4 10000 20000
asc delete 20000 4981 19851 4988 19858 1 2 9999 20000
rand insert 20000 17 34 24 98 4 4 28 33
rand delete 20000 14 32 30 103 3 8 30 33
asc insert 20000 10000 20000 10000 20000 4 4 10000 20000
asc delete 20000 4981 19851 4988 19858 1 2 9999 20000
rand insert 20000 17 34 24 98 4 4 28 33
rand delete 20000 14 32 30 103 3 8 30 33
asc insert 20000 10000 20000 10000 20000 4 4 10000 20000
asc delete 20000 5027 19770 5034 19777 1 2 9999 20000
rand insert 20000 17 35 25 98 4 4 28 34
rand delete 20000 14 31 31 96 3 8 30 34
asc insert 20000 10000 20000 10000 20000 4 4 10000 20000
asc delete 20000 4992 19725 4999 19732 1 2 9999 20000
rand insert 20000 18 35 25 101 4 4 30 34
rand delete 20000 15 33 31 109 3 8 32 34
asc insert 20000 10000 20000 10000 20000 4 4 10000 20000
asc delete 20000 4992 19725 4999 19732 1 2 9999 20000
rand insert 20000 18 35 25 101 4 4 30 34
rand delete 20000 15 33 31 109 3 8 32 34
asc insert 20000 10000 20000 10000 20000 4 4 10000 20000
asc delete 20000 5051 19795 5058 19802 1 2 9999 20000
rand insert 20000 17 33 24 94 4 4 29 32
rand delete 20000 14 31 30 99 3 8 28 32
asc insert 20000 10000 20000 10000 20000 4 4 10000 20000
asc delete 20000 4968 19903 4975 19910 1 2 9999 20000
rand insert 20000 18 35 25 104 4 4 29 34
rand delete 20000 15 33 31 105 3 8 32 34
asc insert 20000 10000 20000 10000 20000 4 4 10000 20000
asc delete 20000 4968 19903 4975 19910 1 2 9999 20000
rand insert 20000 18 35 25 104 4 4 29 34
rand delete 20000 15 33 31 105 3 8 32 34
asc insert 20000 10000 20000 10000 20000 4 4 10000 20000
asc delete 20000 4972 19603 4979 19610 1 2 9999 20000
rand insert 20000 18 34 25 99 4 4 30 33
rand delete 20000 15 33 31 99 3 8 31 33
asc insert 20000 10000 20000 10000 20000 4 4 10000 20000
asc delete 20000 5027 19903 5034 19910 1 2 9999 20000
rand insert 20000 18 35 25 99 4 4 29 34
rand delete 20000 15 33 31 89 3 8 31 34
asc insert 20000 10000 20000 10000 20000 4 4 10000 20000
asc delete 20000 5027 19903 5034 19910 1 2 9999 20000
rand insert 20000 18 35 25 99 4 4 29 34
rand delete 20000 15 33 31 89 3 8 31 34
asc insert 20000 10000 20000 10000 20000 4 4 10000 20000
asc delete 20000 4988 19774 4995 19781 1 2 9999 20000
rand insert 20000 18 35 25 102 4 4 29 34
rand delete 20000 15 33 31 101 3 8 31 34
asc insert 20000 10000 20000 10000 20000 4 4 10000 20000
asc delete 20000 5008 19792 5015 19799 1 2 9999 20000
rand insert 20000 17 33 25 97 4 4 28 32
rand delete 20000 14 30 31 88 3 8 29 32
asc insert 20000 10000 20000 10000 20000 4 4 10000 20000
asc delete 20000 5008 19792 5015 19799 1 2 9999 20000
rand insert 20000 17 33 25 97 4 4 28 32
rand delete 20000 14 30 31 88 3 8 29 32
asc insert 30000 15000 30000 15000 30000 4 4 15000 30000
asc delete 30000 7518 29639 7525 29646 1 2 14999 30000
rand insert 30000 18 35 25 101 4 4 30 34
rand delete 30000 15 31 31 97 3 8 30 34
asc insert 30000 15000 30000 15000 30000 4 4 15000 30000
asc delete 30000 7458 29873 7465 29880 1 2 14999 30000
rand insert 30000 18 38 26 110 4 4 31 37
rand delete 30000 15 35 32 112 3 8 34 37
asc insert 30000 15000 30000 15000 30000 4 4 15000 30000
asc delete 30000 7525 29703 7532 29710 1 2 14999 30000
rand insert 30000 19 37 26 108 4 4 31 36
rand delete 30000 16 35 32 103 3 8 33 36
asc insert 30000 15000 30000 15000 30000 4 4 15000 30000
asc delete 30000 7514 29894 7521 29901 1 2 14999 30000
rand insert 30000 18 34 25 100 4 4 29 33
rand delete 30000 15 32 31 85 3 8 31 33
asc insert 30000 15000 30000 15000 30000 4 4 15000 30000
asc delete 30000 7489 29636 7496 29643 1 2 14999 30000
rand insert 30000 18 34 25 97 4 4 28 33
rand delete 30000 15 33 31 95 3 8 30 33
asc insert 30000 15000 30000 15000 30000 4 4 15000 30000
asc delete 30000 7488 29750 7495 29757 1 2 14999 30000
rand insert 30000 18 33 25 96 4 4 28 32
rand delete 30000 15 31 31 89 3 8 31 32
asc insert 30000 15000 30000 15000 30000 4 4 15000 30000
asc delete 30000 7492 29945 7499 29952 1 2 14999 30000
rand insert 30000 18 32 25 95 4 4 28 31
rand delete 30000 15 31 31 90 3 8 29 31
asc insert 30000 15000 30000 15000 30000 4 4 15000 30000
asc delete 30000 7533 29346 7540 29353 1 2 14999 30000
rand insert 30000 19 37 26 108 4 4 32 36
rand delete 30000 16 34 32 112 3 8 33 36
asc insert 30000 15000 30000 15000 30000 4 4 15000 30000
asc delete 30000 7505 29827 7512 29834 1 2 14999 30000
rand insert 30000 19 38 27 108 4 4 32 37
rand delete 30000 16 34 33 103 3 8 34 37
asc insert 30000 15000 30000 15000 30000 4 4 15000 30000
asc delete 30000 7479 29740 7486 29747 1 2 14999 30000
rand insert 30000 21 40 28 115 4 4 34 39
rand delete 30000 17 39 34 114 3 8 37 39
asc insert 30000 15000 30000 15000 30000 4 4 15000 30000
asc delete 30000 7507 29689 7514 29696 1 2 14999 30000
rand insert 30000 18 41 25 119 4 4 34 40
rand delete 30000 15 37 31 116 3 8 36 40
asc insert 30000 15000 30000 15000 30000 4 4 15000 30000
asc delete 30000 7535 29725 7542 29732 1 2 14999 30000
rand insert 30000 18 36 26 103 4 4 31 35
rand delete 30000 15 34 32 108 3 8 32 35
asc insert 30000 15000 30000 15000 30000 4 4 15000 30000
asc delete 30000 7488 29857 7495 29864 1 2 14999 30000
rand insert 30000 18 38 25 111 4 4 33 37
rand delete 30000 15 35 31 113 3 8 34 37
asc insert 30000 15000 30000 15000 30000 4 4 15000 30000
asc delete 30000 7499 29826 7506 29833 1 2 14999 30000
rand insert 30000 18 35 25 101 4 4 30 34
rand delete 30000 15 34 31 94 3 8 32 34
asc insert 30000 15000 30000 15000 30000 4 4 15000 30000
asc delete 30000 7498 29715 7505 29722 1 2 14999 30000
rand insert 30000 19 41 27 122 4 4 36 40
rand delete 30000 16 39 33 108 3 8 37 40
asc insert 30000 15000 30000 15000 30000 4 4 15000 30000
asc delete 30000 7520 29787 7527 29794 1 2 14999 30000
rand insert 30000 18 32 25 93 4 4 27 31
rand delete 30000 15 31 31 91 3 8 29 31
asc insert 30000 15000 30000 15000 30000 4 4 15000 30000
asc delete 30000 7496 29667 7503 29674 1 2 14999 30000
rand insert 30000 18 37 25 106 4 4 31 36
rand delete 30000 15 35 32 102 3 8 33 36
asc insert 30000 15000 30000 15000 30000 4 4 15000 30000
asc delete 30000 7460 29625 7467 29632 1 2 14999 30000
rand insert 30000 18 37 25 108 4 4 30 36
rand delete 30000 15 36 31 112 3 8 32 36
asc insert 30000 15000 30000 15000 30000 4 4 15000 30000
asc delete 30000 7529 29773 7536 29780 1 2 14999 30000
rand insert 30000 18 38 25 110 4 4 32 37
rand delete 30000 15 35 31 105 3 8 33 37
asc insert 30000 15000 30000 15000 30000 4 4 15000 30000
asc delete 30000 7559 29797 7566 29804 1 2 14999 30000
rand insert 30000 18 34 25 96 4 4 30 33
rand delete 30000 15 33 32 90 3 8 31 33
asc insert 40000 20000 40000 20000 40000 4 4 20000 40000
asc delete 40000 10039 39944 10046 39951 1 2 19999 40000
rand insert 40000 19 35 26 102 4 4 30 34
rand delete 40000 16 33 32 107 3 8 31 34
asc insert 40000 20000 40000 20000 40000 4 4 20000 40000
asc delete 40000 9989 39777 9996 39784 1 2 19999 40000
rand insert 40000 18 37 26 107 4 4 31 36
rand delete 40000 15 34 32 95 3 8 33 36
asc insert 40000 20000 40000 20000 40000 4 4 20000 40000
asc delete 40000 9952 39954 9959 39961 1 2 19999 40000
rand insert 40000 19 40 26 116 4 4 33 39
rand delete 40000 16 37 32 113 3 8 34 39
asc insert 40000 20000 40000 20000 40000 4 4 20000 40000
asc delete 40000 9992 39694 9999 39701 1 2 19999 40000
rand insert 40000 18 36 25 105 4 4 31 35
rand delete 40000 15 33 32 104 3 8 32 35
asc insert 40000 20000 40000 20000 40000 4 4 20000 40000
asc delete 40000 9996 39754 10003 39761 1 2 19999 40000
rand insert 40000 18 34 25 99 4 4 29 33
rand delete 40000 15 32 31 96 3 8 31 33
asc insert 40000 20000 40000 20000 40000 4 4 20000 40000
asc delete 40000 9966 39797 9973 39804 1 2 19999 40000
rand insert 40000 19 42 26 122 4 4 34 41
rand delete 40000 16 38 32 122 3 8 37 41
asc insert 40000 20000 40000 20000 40000 4 4 20000 40000
asc delete 40000 10021 39724 10028 39731 1 2 19999 40000
rand insert 40000 19 38 27 112 4 4 32 37
rand delete 40000 16 36 33 114 3 8 34 37
asc insert 40000 20000 40000 20000 40000 4 4 20000 40000
asc delete 40000 10011 39916 10018 39923 1 2 19999 40000
rand insert 40000 19 38 26 109 4 4 32 37
rand delete 40000 16 37 32 112 3 8 34 37
asc insert 40000 20000 40000 20000 40000 4 4 20000 40000
asc delete 40000 9955 39855 9962 39862 1 2 19999 40000
rand insert 40000 20 36 27 106 4 4 32 35
rand delete 40000 17 34 33 105 3 8 33 35
asc insert 40000 20000 40000 20000 40000 4 4 20000 40000
asc delete 40000 10035 39891 10042 39898 1 2 19999 40000
rand insert 40000 18 33 25 93 4 4 28 32
rand delete 40000 15 30 31 94 3 8 29 32
asc insert 40000 20000 40000 20000 40000 4 4 20000 40000
asc delete 40000 10020 39656 10027 39663 1 2 19999 40000
rand insert 40000 19 35 26 101 4 4 30 34
rand delete 40000 16 32 32 97 3 8 31 34
asc insert 40000 20000 40000 20000 40000 4 4 20000 40000
asc delete 40000 10016 39817 10023 39824 1 2 19999 40000
rand insert 40000 19 36 26 104 4 4 30 35
rand delete 40000 16 33 32 103 3 8 33 35
asc insert 40000 20000 40000 20000 40000 4 4 20000 40000
asc delete 40000 9970 39824 9977 39831 1 2 19999 40000
rand insert 40000 19 36 27 104 4 4 30 35
rand delete 40000 16 34 33 101 3 8 32 35
asc insert 40000 20000 40000 20000 40000 4 4 20000 40000
asc delete 40000 10015 39717 10022 39724 1 2 19999 40000
rand insert 40000 18 37 25 108 4 4 30 36
rand delete 40000 15 35 31 103 3 8 32 36
asc insert 40000 20000 40000 20000 40000 4 4 20000 40000
asc delete 40000 10018 39856 10025 39863 1 2 19999 40000
rand insert 40000 19 37 26 106 4 4 33 36
rand delete 40000 16 36 32 100 3 8 34 36
asc insert 40000 20000 40000 20000 40000 4 4 20000 40000
asc delete 40000 10015 39788 10022 39795 1 2 19999 40000
rand insert 40000 18 35 25 102 4 4 30 34
rand delete 40000 15 32 31 98 3 8 31 34
asc insert 40000 20000 40000 20000 40000 4 4 20000 40000
asc delete 40000 9994 39664 10001 39671 1 2 19999 40000
rand insert 40000 18 35 25 99 4 4 28 34
rand delete 40000 15 31 32 96 3 8 31 34
asc insert 40000 20000 40000 20000 40000 4 4 20000 40000
asc delete 40000 10027 39976 10034 39983 1 2 19999 40000
rand insert 40000 19 34 26 100 4 4 30 33
rand delete 40000 16 33 32 88 3 8 31 33
asc insert 40000 20000 40000 20000 40000 4 4 20000 40000
asc delete 40000 9976 39716 9983 39723 1 2 19999 40000
rand insert 40000 20 39 27 115 4 4 32 38
rand delete 40000 17 38 33 106 3 8 35 38
asc insert 40000 20000 40000 20000 40000 4 4 20000 40000
asc delete 40000 10026 39708 10033 39715 1 2 19999 40000
rand insert 40000 19 36 26 106 4 4 30 35
rand delete 40000 16 34 32 105 3 8 32 35
asc insert 50000 25000 50000 25000 50000 4 4 25000 50000
asc delete 50000 12489 49689 12496 49696 1 2 24999 50000
rand insert 50000 18 35 25 102 4 4 30 34
rand delete 50000 15 32 32 101 3 8 32 34
asc insert 50000 25000 50000 25000 50000 4 4 25000 50000
asc delete 50000 12518 49725 12525 49732 1 2 24999 50000
rand insert 50000 19 34 26 99 4 4 29 33
rand delete 50000 16 33 32 97 3 8 31 33
asc insert 50000 25000 50000 25000 50000 4 4 25000 50000
asc delete 50000 12495 49803 12502 49810 1 2 24999 50000
rand insert 50000 19 34 26 99 4 4 30 33
rand delete 50000 16 32 32 96 3 8 32 33
asc insert 50000 25000 50000 25000 50000 4 4 25000 50000
asc delete 50000 12572 49617 12579 49624 1 2 24999 50000
rand insert 50000 19 38 26 108 4 4 32 37
rand delete 50000 16 34 32 106 3 8 33 37
asc insert 50000 25000 50000 25000 50000 4 4 25000 50000
asc delete 50000 12533 49424 12540 49431 1 2 24999 50000
rand insert 50000 19 38 26 110 4 4 33 37
rand delete 50000 16 35 32 106 3 8 34 37
asc insert 50000 25000 50000 25000 50000 4 4 25000 50000
asc delete 50000 12487 49814 12494 49821 1 2 24999 50000
rand insert 50000 19 40 26 116 4 4 34 39
rand delete 50000 16 38 32 117 3 8 36 39
asc insert 50000 25000 50000 25000 50000 4 4 25000 50000
asc delete 50000 12480 49661 12487 49668 1 2 24999 50000
rand insert 50000 19 35 26 102 4 4 30 34
rand delete 50000 16 34 32 98 3 8 32 34
asc insert 50000 25000 50000 25000 50000 4 4 25000 50000
asc delete 50000 12532 49634 12539 49641 1 2 24999 50000
rand insert 50000 19 39 26 112 4 4 33 38
rand delete 50000 16 36 32 120 3 8 35 38
asc insert 50000 25000 50000 25000 50000 4 4 25000 50000
asc delete 50000 12574 49769 12581 49776 1 2 24999 50000
rand insert 50000 19 37 26 108 4 4 31 36
rand delete 50000 16 33 32 111 3 8 33 36
asc insert 50000 25000 50000 25000 50000 4 4 25000 50000
asc delete 50000 12490 49667 12497 49674 1 2 24999 50000
rand insert 50000 19 39 27 112 4 4 33 38
rand delete 50000 16 37 33 109 3 8 35 38
asc insert 50000 25000 50000 25000 50000 4 4 25000 50000
asc delete 50000 12542 49751 12549 49758 1 2 24999 50000
rand insert 50000 19 37 26 108 4 4 31 36
rand delete 50000 16 34 32 108 3 8 33 36
asc insert 50000 25000 50000 25000 50000 4 4 25000 50000
asc delete 50000 12515 49884 12522 49891 1 2 24999 50000
rand insert 50000 19 43 27 123 4 4 36 42
rand delete 50000 16 38 33 115 3 8 39 42
asc insert 50000 25000 50000 25000 50000 4 4 25000 50000
asc delete 50000 12499 49768 12506 49775 1 2 24999 50000
rand insert 50000 19 36 26 103 4 4 32 35
rand delete 50000 16 34 32 100 3 8 34 35
asc insert 50000 25000 50000 25000 50000 4 4 25000 50000
asc delete 50000 12503 49884 12510 49891 1 2 24999 50000
rand insert 50000 20 40 27 117 4 4 35 39
rand delete 50000 17 38 33 121 3 8 36 39
asc insert 50000 25000 50000 25000 50000 4 4 25000 50000
asc delete 50000 12457 49984 12464 49991 1 2 24999 50000
rand insert 50000 19 37 26 109 4 4 32 36
rand delete 50000 16 34 32 109 3 8 34 36
asc insert 50000 25000 50000 25000 50000 4 4 25000 50000
asc delete 50000 12551 49925 12558 49932 1 2 24999 50000
rand insert 50000 19 35 27 102 4 4 30 34
rand delete 50000 16 34 33 99 3 8 32 34
asc insert 50000 25000 50000 25000 50000 4 4 25000 50000
asc delete 50000 12516 49785 12523 49792 1 2 24999 50000
rand insert 50000 19 36 26 105 4 4 31 35
rand delete 50000 15 33 32 98 3 8 33 35
asc insert 50000 25000 50000 25000 50000 4 4 25000 50000
asc delete 50000 12535 49895 12542 49902 1 2 24999 50000
rand insert 50000 20 38 28 110 4 4 33 37
rand delete 50000 17 37 34 104 3 8 35 37
asc insert 50000 25000 50000 25000 50000 4 4 25000 50000
asc delete 50000 12456 49979 12463 49986 1 2 24999 50000
rand insert 50000 20 41 27 120 4 4 35 40
rand delete 50000 17 38 33 111 3 8 38 40
asc insert 50000 25000 50000 25000 50000 4 4 25000 50000
asc delete 50000 12480 49481 12487 49488 1 2 24999 50000
rand insert 50000 19 38 26 110 4 4 32 37
rand delete 50000 16 34 32 101 3 8 33 37
asc insert 60000 30000 60000 30000 60000 4 4 30000 60000
asc delete 60000 14938 59979 14945 59986 1 2 29999 60000
rand insert 60000 20 38 27 111 4 4 33 37
rand delete 60000 17 35 33 104 3 8 34 37
asc insert 60000 30000 60000 30000 60000 4 4 30000 60000
asc delete 60000 15018 59817 15025 59824 1 2 29999 60000
rand insert 60000 20 37 27 107 4 4 32 36
rand delete 60000 17 36 33 108 3 8 34 36
asc insert 60000 30000 60000 30000 60000 4 4 30000 60000
asc delete 60000 14985 59529 14992 59536 1 2 29999 60000
rand insert 60000 21 37 28 109 4 4 33 36
rand delete 60000 18 36 34 102 3 8 34 36
asc insert 60000 30000 60000 30000 60000 4 4 30000 60000
asc delete 60000 14927 59312 14934 59319 1 2 29999 60000
rand insert 60000 19 36 26 105 4 4 30 35
rand delete 60000 16 34 32 99 3 8 32 35
asc insert 60000 30000 60000 30000 60000 4 4 30000 60000
asc delete 60000 14975 59664 14982 59671 1 2 29999 60000
rand insert 60000 19 38 26 110 4 4 33 37
rand delete 60000 16 37 32 104 3 8 35 37
asc insert 60000 30000 60000 30000 60000 4 4 30000 60000
asc delete 60000 14970 59613 14977 59620 1 2 29999 60000
rand insert 60000 19 37 27 108 4 4 31 36
rand delete 60000 16 36 33 112 3 8 33 36
asc insert 60000 30000 60000 30000 60000 4 4 30000 60000
asc delete 60000 14998 59708 15005 59715 1 2 29999 60000
rand insert 60000 19 36 27 104 4 4 31 35
rand delete 60000 16 35 33 107 3 8 33 35
asc insert 60000 30000 60000 30000 60000 4 4 30000 60000
asc delete 60000 15051 59817 15058 59824 1 2 29999 60000
rand insert 60000 19 39 27 111 4 4 33 38
rand delete 60000 16 38 33 115 3 8 35 38
asc insert 60000 30000 60000 30000 60000 4 4 30000 60000
asc delete 60000 14972 59355 14979 59362 1 2 29999 60000
rand insert 60000 19 36 26 106 4 4 32 35
rand delete 60000 16 35 32 105 3 8 33 35
asc insert 60000 30000 60000 30000 60000 4 4 30000 60000
asc delete 60000 15044 59409 15051 59416 1 2 29999 60000
rand insert 60000 21 42 28 118 4 4 35 41
rand delete 60000 18 39 34 108 3 8 36 41
asc insert 60000 30000 60000 30000 60000 4 4 30000 60000
asc delete 60000 14992 59862 14999 59869 1 2 29999 60000
rand insert 60000 20 37 27 107 4 4 32 36
rand delete 60000 17 34 33 103 3 8 33 36
asc insert 60000 30000 60000 30000 60000 4 4 30000 60000
asc delete 60000 14989 59807 14996 59814 1 2 29999 60000
rand insert 60000 19 38 26 110 4 4 32 37
rand delete 60000 16 35 32 106 3 8 33 37
asc insert 60000 30000 60000 30000 60000 4 4 30000 60000
asc delete 60000 14995 59795 15002 59802 1 2 29999 60000
rand insert 60000 20 39 27 115 4 4 33 38
rand delete 60000 17 36 34 104 3 8 35 38
asc insert 60000 30000 60000 30000 60000 4 4 30000 60000
asc delete 60000 14992 59447 14999 59454 1 2 29999 60000
rand insert 60000 20 40 27 115 4 4 34 39
rand delete 60000 17 37 33 111 3 8 36 39
asc insert 60000 30000 60000 30000 60000 4 4 30000 60000
asc delete 60000 14952 59571 14959 59578 1 2 29999 60000
rand insert 60000 19 35 26 101 4 4 31 34
rand delete 60000 16 33 32 99 3 8 32 34
asc insert 60000 30000 60000 30000 60000 4 4 30000 60000
asc delete 60000 15009 59820 15016 59827 1 2 29999 60000
rand insert 60000 18 35 26 102 4 4 30 34
rand delete 60000 15 32 32 100 3 8 32 34
asc insert 60000 30000 60000 30000 60000 4 4 30000 60000
asc delete 60000 15017 59700 15024 59707 1 2 29999 60000
rand insert 60000 19 39 26 112 4 4 33 38
rand delete 60000 16 38 32 117 3 8 35 38
asc insert 60000 30000 60000 30000 60000 4 4 30000 60000
asc delete 60000 15048 59657 15055 59664 1 2 29999 60000
rand insert 60000 20 37 27 107 4 4 31 36
rand delete 60000 17 34 33 108 3 8 33 36
asc insert 60000 30000 60000 30000 60000 4 4 30000 60000
asc delete 60000 14962 59536 14969 59543 1 2 29999 60000
rand insert 60000 20 41 28 118 4 4 34 40
rand delete 60000 17 37 34 112 3 8 36 40
asc insert 60000 30000 60000 30000 60000 4 4 30000 60000
asc delete 60000 14947 59360 14954 59367 1 2 29999 60000
rand insert 60000 21 39 28 114 4 4 34 38
rand delete 60000 18 36 34 114 3 8 35 38
asc insert 70000 35000 70000 35000 70000 4 4 35000 70000
asc delete 70000 17508 69803 17515 69810 1 2 34999 70000
rand insert 70000 19 43 27 124 4 4 37 42
rand delete 70000 16 39 33 120 3 8 39 42
asc insert 70000 35000 70000 35000 70000 4 4 35000 70000
asc delete 70000 17481 69726 17488 69733 1 2 34999 70000
rand insert 70000 20 41 27 121 4 4 35 40
rand delete 70000 16 38 33 112 3 8 38 40
asc insert 70000 35000 70000 35000 70000 4 4 35000 70000
asc delete 70000 17522 69813 17529 69820 1 2 34999 70000
rand insert 70000 19 37 27 109 4 4 32 36
rand delete 70000 16 35 33 98 3 8 33 36
asc insert 70000 35000 70000 35000 70000 4 4 35000 70000
asc delete 70000 17511 69655 17518 69662 1 2 34999 70000
rand insert 70000 20 39 27 110 4 4 33 38
rand delete 70000 17 36 33 112 3 8 35 38
asc insert 70000 35000 70000 35000 70000 4 4 35000 70000
asc delete 70000 17481 69538 17488 69545 1 2 34999 70000
rand insert 70000 20 39 27 111 4 4 34 38
rand delete 70000 17 37 34 113 3 8 36 38
asc insert 70000 35000 70000 35000 70000 4 4 35000 70000
asc delete 70000 17513 69779 17520 69786 1 2 34999 70000
rand insert 70000 20 37 27 107 4 4 31 36
rand delete 70000 17 36 33 104 3 8 34 36
asc insert 70000 35000 70000 35000 70000 4 4 35000 70000
asc delete 70000 17470 69954 17477 69961 1 2 34999 70000
rand insert 70000 20 40 27 115 4 4 35 39
rand delete 70000 17 39 33 114 3 8 36 39
asc insert 70000 35000 70000 35000 70000 4 4 35000 70000
asc delete 70000 17513 69686 17520 69693 1 2 34999 70000
rand insert 70000 20 38 27 109 4 4 33 37
rand delete 70000 17 36 33 106 3 8 33 37
asc insert 70000 35000 70000 35000 70000 4 4 35000 70000
asc delete 70000 17545 69754 17552 69761 1 2 34999 70000
rand insert 70000 19 36 27 105 4 4 31 35
rand delete 70000 16 35 33 105 3 8 33 35
asc insert 70000 35000 70000 35000 70000 4 4 35000 70000
asc delete 70000 17496 69923 17503 69930 1 2 34999 70000
rand insert 70000 21 47 28 136 4 4 39 46
rand delete 70000 18 43 34 135 3 8 42 46
asc insert 70000 35000 70000 35000 70000 4 4 35000 70000
asc delete 70000 17549 69723 17556 69730 1 2 34999 70000
rand insert 70000 19 37 27 106 4 4 32 36
rand delete 70000 16 35 33 107 3 8 34 36
asc insert 70000 35000 70000 35000 70000 4 4 35000 70000
asc delete 70000 17483 69533 17490 69540 1 2 34999 70000
rand insert 70000 20 41 27 118 4 4 35 40
rand delete 70000 17 39 33 118 3 8 36 40
asc insert 70000 35000 70000 35000 70000 4 4 35000 70000
asc delete 70000 17551 69888 17558 69895 1 2 34999 70000
rand insert 70000 20 39 27 116 4 4 33 38
rand delete 70000 17 35 33 109 3 8 35 38
asc insert 70000 35000 70000 35000 70000 4 4 35000 70000
asc delete 70000 17468 69602 17475 69609 1 2 34999 70000
rand insert 70000 20 38 28 111 4 4 32 37
rand delete 70000 17 36 34 105 3 8 35 37
asc insert 70000 35000 70000 35000 70000 4 4 35000 70000
asc delete 70000 17519 69646 17526 69653 1 2 34999 70000
rand insert 70000 19 38 26 113 4 4 31 37
rand delete 70000 16 35 32 118 3 8 34 37
asc insert 70000 35000 70000 35000 70000 4 4 35000 70000
asc delete 70000 17464 69770 17471 69777 1 2 34999 70000
rand insert 70000 19 39 27 111 4 4 33 38
rand delete 70000 16 38 33 111 3 8 34 38
asc insert 70000 35000 70000 35000 70000 4 4 35000 70000
asc delete 70000 17556 69610 17563 69617 1 2 34999 70000
rand insert 70000 20 40 27 116 4 4 34 39
rand delete 70000 17 38 33 99 3 8 38 39
asc insert 70000 35000 70000 35000 70000 4 4 35000 70000
asc delete 70000 17501 69754 17508 69761 1 2 34999 70000
rand insert 70000 20 39 27 112 4 4 34 38
rand delete 70000 17 37 33 107 3 8 35 38
asc insert 70000 35000 70000 35000 70000 4 4 35000 70000
asc delete 70000 17505 69852 17512 69859 1 2 34999 70000
rand insert 70000 20 43 27 124 4 4 37 42
rand delete 70000 17 40 33 120 3 8 38 42
asc insert 70000 35000 70000 35000 70000 4 4 35000 70000
asc delete 70000 17491 69858 17498 69865 1 2 34999 70000
rand insert 70000 20 37 27 108 4 4 32 36
rand delete 70000 17 34 33 105 3 8 34 36
asc insert 80000 40000 80000 40000 80000 4 4 40000 80000
asc delete 80000 20035 79844 20042 79851 1 2 39999 80000
rand insert 80000 20 40 28 117 4 4 35 39
rand delete 80000 17 38 34 129 3 8 36 39
asc insert 80000 40000 80000 40000 80000 4 4 40000 80000
asc delete 80000 19952 79674 19959 79681 1 2 39999 80000
rand insert 80000 20 39 27 112 4 4 34 38
rand delete 80000 17 37 33 115 3 8 35 38
asc insert 80000 40000 80000 40000 80000 4 4 40000 80000
asc delete 80000 20054 79578 20061 79585 1 2 39999 80000
rand insert 80000 20 38 27 109 4 4 33 37
rand delete 80000 17 36 33 102 3 8 34 37
asc insert 80000 40000 80000 40000 80000 4 4 40000 80000
asc delete 80000 20049 79949 20056 79956 1 2 39999 80000
rand insert 80000 20 37 27 108 4 4 32 36
rand delete 80000 17 36 33 104 3 8 33 36
asc insert 80000 40000 80000 40000 80000 4 4 40000 80000
asc delete 80000 19934 79790 19941 79797 1 2 39999 80000
rand insert 80000 20 40 28 116 4 4 35 39
rand delete 80000 17 38 34 117 3 8 36 39
asc insert 80000 40000 80000 40000 80000 4 4 40000 80000
asc delete 80000 19986 79764 19993 79771 1 2 39999 80000
rand insert 80000 20 38 27 108 4 4 32 37
rand delete 80000 17 37 33 105 3 8 34 37
asc insert 80000 40000 80000 40000 80000 4 4 40000 80000
asc delete 80000 19935 79745 19942 79752 1 2 39999 80000
rand insert 80000 20 37 27 104 4 4 31 36
rand delete 80000 17 34 33 101 3 8 33 36
asc insert 80000 40000 80000 40000 80000 4 4 40000 80000
asc delete 80000 20014 79629 20021 79636 1 2 39999 80000
rand insert 80000 22 40 29 117 4 4 35 39
rand delete 80000 19 38 35 121 3 8 36 39
asc insert 80000 40000 80000 40000 80000 4 4 40000 80000
asc delete 80000 20004 79729 20011 79736 1 2 39999 80000
rand insert 80000 20 38 27 109 4 4 33 37
rand delete 80000 17 36 33 112 3 8 34 37
asc insert 80000 40000 80000 40000 80000 4 4 40000 80000
asc delete 80000 20003 79827 20010 79834 1 2 39999 80000
rand insert 80000 19 36 27 103 4 4 31 35
rand delete 80000 16 34 33 96 3 8 33 35
asc insert 80000 40000 80000 40000 80000 4 4 40000 80000
asc delete 80000 20077 79789 20084 79796 1 2 39999 80000
rand insert 80000 20 37 27 109 4 4 32 36
rand delete 80000 17 35 33 111 3 8 34 36
asc insert 80000 40000 80000 40000 80000 4 4 40000 80000
asc delete 80000 20016 79583 20023 79590 1 2 39999 80000
rand insert 80000 21 44 28 127 4 4 38 43
rand delete 80000 18 40 34 124 3 8 39 43
asc insert 80000 40000 80000 40000 80000 4 4 40000 80000
asc delete 80000 19946 79662 19953 79669 1 2 39999 80000
rand insert 80000 21 40 28 116 4 4 34 39
rand delete 80000 17 38 34 115 3 8 36 39
asc insert 80000 40000 80000 40000 80000 4 4 40000 80000
asc delete 80000 19985 79465 19992 79472 1 2 39999 80000
rand insert 80000 21 40 28 117 4 4 34 39
rand delete 80000 18 38 34 109 3 8 36 39
asc insert 80000 40000 80000 40000 80000 4 4 40000 80000
asc delete 80000 19976 79701 19983 79708 1 2 39999 80000
rand insert 80000 20 39 27 114 4 4 33 38
rand delete 80000 17 36 33 111 3 8 35 38
asc insert 80000 40000 80000 40000 80000 4 4 40000 80000
asc delete 80000 20002 79807 20009 79814 1 2 39999 80000
rand insert 80000 20 42 27 122 4 4 36 41
rand delete 80000 17 39 33 114 3 8 38 41
asc insert 80000 40000 80000 40000 80000 4 4 40000 80000
asc delete 80000 19977 79777 19984 79784 1 2 39999 80000
rand insert 80000 21 44 29 130 4 4 38 43
rand delete 80000 18 43 35 131 3 8 40 43
asc insert 80000 40000 80000 40000 80000 4 4 40000 80000
asc delete 80000 20083 79839 20090 79846 1 2 39999 80000
rand insert 80000 20 38 27 109 4 4 32 37
rand delete 80000 17 37 33 107 3 8 36 37
asc insert 80000 40000 80000 40000 80000 4 4 40000 80000
asc delete 80000 19998 79413 20005 79420 1 2 39999 80000
rand insert 80000 20 39 27 111 4 4 33 38
rand delete 80000 17 37 33 107 3 8 35 38
asc insert 80000 40000 80000 40000 80000 4 4 40000 80000
asc delete 80000 20019 79620 20026 79627 1 2 39999 80000
rand insert 80000 20 42 27 121 4 4 35 41
rand delete 80000 17 38 33 120 3 8 37 41
asc insert 90000 45000 90000 45000 90000 4 4 45000 90000
asc delete 90000 22570 89411 22577 89418 1 2 44999 90000
rand insert 90000 22 39 29 114 4 4 35 38
rand delete 90000 19 38 35 106 3 8 36 38
asc insert 90000 45000 90000 45000 90000 4 4 45000 90000
asc delete 90000 22577 89458 22584 89465 1 2 44999 90000
rand insert 90000 20 40 27 119 4 4 34 39
rand delete 90000 17 36 33 108 3 8 36 39
asc insert 90000 45000 90000 45000 90000 4 4 45000 90000
asc delete 90000 22587 89086 22594 89093 1 2 44999 90000
rand insert 90000 21 41 29 120 4 4 36 40
rand delete 90000 18 40 35 116 3 8 37 40
asc insert 90000 45000 90000 45000 90000 4 4 45000 90000
asc delete 90000 22451 89242 22458 89249 1 2 44999 90000
rand insert 90000 20 41 28 120 4 4 35 40
rand delete 90000 17 38 34 110 3 8 38 40
asc insert 90000 45000 90000 45000 90000 4 4 45000 90000
asc delete 90000 22656 89724 22663 89731 1 2 44999 90000
rand insert 90000 20 39 28 113 4 4 33 38
rand delete 90000 17 36 34 107 3 8 35 38
asc insert 90000 45000 90000 45000 90000 4 4 45000 90000
asc delete 90000 22565 89642 22572 89649 1 2 44999 90000
rand insert 90000 21 41 28 120 4 4 36 40
rand delete 90000 18 39 34 112 3 8 38 40
asc insert 90000 45000 90000 45000 90000 4 4 45000 90000
asc delete 90000 22437 89457 22444 89464 1 2 44999 90000
rand insert 90000 20 38 27 111 4 4 32 37
rand delete 90000 17 37 34 108 3 8 34 37
asc insert 90000 45000 90000 45000 90000 4 4 45000 90000
asc delete 90000 22520 89678 22527 89685 1 2 44999 90000
rand insert 90000 20 38 27 110 4 4 33 37
rand delete 90000 17 37 33 106 3 8 35 37
asc insert 90000 45000 90000 45000 90000 4 4 45000 90000
asc delete 90000 22491 89913 22498 89920 1 2 44999 90000
rand insert 90000 19 36 26 104 4 4 31 35
rand delete 90000 16 35 32 104 3 8 33 35
asc insert 90000 45000 90000 45000 90000 4 4 45000 90000
asc delete 90000 22440 89649 22447 89656 1 2 44999 90000
rand insert 90000 20 44 27 130 4 4 37 43
rand delete 90000 17 41 33 126 3 8 38 43
asc insert 90000 45000 90000 45000 90000 4 4 45000 90000
asc delete 90000 22498 89626 22505 89633 1 2 44999 90000
rand insert 90000 20 42 27 120 4 4 37 41
rand delete 90000 17 41 33 120 3 8 37 41
asc insert 90000 45000 90000 45000 90000 4 4 45000 90000
asc delete 90000 22474 89791 22481 89798 1 2 44999 90000
rand insert 90000 20 43 27 124 4 4 36 42
rand delete 90000 17 40 33 125 3 8 38 42
asc insert 90000 45000 90000 45000 90000 4 4 45000 90000
asc delete 90000 22481 89708 22488 89715 1 2 44999 90000
rand insert 90000 20 38 27 107 4 4 32 37
rand delete 90000 17 36 33 104 3 8 34 37
asc insert 90000 45000 90000 45000 90000 4 4 45000 90000
asc delete 90000 22464 89539 22471 89546 1 2 44999 90000
rand insert 90000 21 41 28 121 4 4 35 40
rand delete 90000 18 38 34 111 3 8 37 40
asc insert 90000 45000 90000 45000 90000 4 4 45000 90000
asc delete 90000 22566 89713 22573 89720 1 2 44999 90000
rand insert 90000 20 40 27 117 4 4 36 39
rand delete 90000 17 37 33 118 3 8 36 39
asc insert 90000 45000 90000 45000 90000 4 4 45000 90000
asc delete 90000 22516 89529 22523 89536 1 2 44999 90000
rand insert 90000 21 41 28 119 4 4 35 40
rand delete 90000 18 40 34 117 3 8 37 40
asc insert 90000 45000 90000 45000 90000 4 4 45000 90000
asc delete 90000 22478 89422 22485 89429 1 2 44999 90000
rand insert 90000 21 39 28 111 4 4 35 38
rand delete 90000 18 37 35 112 3 8 37 38
asc insert 90000 45000 90000 45000 90000 4 4 45000 90000
asc delete 90000 22596 89535 22603 89542 1 2 44999 90000
rand insert 90000 21 43 28 127 4 4 37 42
rand delete 90000 18 42 34 121 3 8 38 42
asc insert 90000 45000 90000 45000 90000 4 4 45000 90000
asc delete 90000 22510 89925 22517 89932 1 2 44999 90000
rand insert 90000 20 39 27 114 4 4 34 38
rand delete 90000 17 37 33 115 3 8 36 38
asc insert 90000 45000 90000 45000 90000 4 4 45000 90000
asc delete 90000 22460 89801 22467 89808 1 2 44999 90000
rand insert 90000 20 39 27 112 4 4 33 38
rand delete 90000 17 36 33 111 3 8 35 38
asc insert 100000 50000 100000 50000 100000 4 4 50000 100000
asc delete 100000 24981 99718 24988 99725 1 2 49999 100000
rand insert 100000 20 38 27 110 4 4 33 37
rand delete 100000 17 36 33 109 3 8 35 37
asc insert 100000 50000 100000 50000 100000 4 4 50000 100000
asc delete 100000 25071 99944 25078 99951 1 2 49999 100000
rand insert 100000 20 43 28 125 4 4 37 42
rand delete 100000 17 40 34 124 3 8 38 42
asc insert 100000 50000 100000 50000 100000 4 4 50000 100000
asc delete 100000 25049 99788 25056 99795 1 2 49999 100000
rand insert 100000 21 41 28 120 4 4 36 40
rand delete 100000 18 39 34 120 3 8 37 40
asc insert 100000 50000 100000 50000 100000 4 4 50000 100000
asc delete 100000 25138 99732 25145 99739 1 2 49999 100000
rand insert 100000 20 40 28 116 4 4 35 39
rand delete 100000 17 38 34 108 3 8 37 39
asc insert 100000 50000 100000 50000 100000 4 4 50000 100000
asc delete 100000 24976 99293 24983 99300 1 2 49999 100000
rand insert 100000 21 38 28 111 4 4 34 37
rand delete 100000 18 37 34 111 3 8 35 37
asc insert 100000 50000 100000 50000 100000 4 4 50000 100000
asc delete 100000 25074 99741 25081 99748 1 2 49999 100000
rand insert 100000 21 41 28 121 4 4 36 40
rand delete 100000 18 40 34 117 3 8 37 40
asc insert 100000 50000 100000 50000 100000 4 4 50000 100000
asc delete 100000 24987 99556 24994 99563 1 2 49999 100000
rand insert 100000 22 42 29 122 4 4 36 41
rand delete 100000 19 39 35 123 3 8 38 41
asc insert 100000 50000 100000 50000 100000 4 4 50000 100000
asc delete 100000 24979 99098 24986 99105 1 2 49999 100000
rand insert 100000 21 41 28 118 4 4 36 40
rand delete 100000 18 40 34 110 3 8 37 40
asc insert 100000 50000 100000 50000 100000 4 4 50000 100000
asc delete 100000 24966 99325 24973 99332 1 2 49999 100000
rand insert 100000 20 40 28 116 4 4 35 39
rand delete 100000 17 36 34 106 3 8 37 39
asc insert 100000 50000 100000 50000 100000 4 4 50000 100000
asc delete 100000 24939 99706 24946 99713 1 2 49999 100000
rand insert 100000 20 42 27 123 4 4 34 41
rand delete 100000 17 39 33 122 3 8 36 41
asc insert 100000 50000 100000 50000 100000 4 4 50000 100000
asc delete 100000 24968 99553 24975 99560 1 2 49999 100000
rand insert 100000 21 40 29 118 4 4 34 39
rand delete 100000 18 38 35 100 3 8 37 39
asc insert 100000 50000 100000 50000 100000 4 4 50000 100000
asc delete 100000 25047 99634 25054 99641 1 2 49999 100000
rand insert 100000 21 44 29 130 4 4 39 43
rand delete 100000 18 42 35 129 3 8 41 43
asc insert 100000 50000 100000 50000 100000 4 4 50000 100000
asc delete 100000 24992 99588 24999 99595 1 2 49999 100000
rand insert 100000 22 43 30 124 4 4 38 42
rand delete 100000 19 40 36 122 3 8 38 42
asc insert 100000 50000 100000 50000 100000 4 4 50000 100000
asc delete 100000 25016 99298 25023 99305 1 2 49999 100000
rand insert 100000 20 39 27 113 4 4 33 38
rand delete 100000 17 38 33 104 3 8 35 38
asc insert 100000 50000 100000 50000 100000 4 4 50000 100000
asc delete 100000 24987 99380 24994 99387 1 2 49999 100000
rand insert 100000 21 40 29 116 4 4 34 39
rand delete 100000 18 39 35 106 3 8 36 39
asc insert 100000 50000 100000 50000 100000 4 4 50000 100000
asc delete 100000 24968 99342 24975 99349 1 2 49999 100000
rand insert 100000 20 39 27 113 4 4 33 38
rand delete 100000 17 36 33 114 3 8 36 38
asc insert 100000 50000 100000 50000 100000 4 4 50000 100000
asc delete 100000 25090 99753 25097 99760 1 2 49999 100000
rand insert 100000 23 41 30 121 4 4 36 40
rand delete 100000 19 39 36 120 3 8 38 40
asc insert 100000 50000 100000 50000 100000 4 4 50000 100000
asc delete 100000 24922 99357 24929 99364 1 2 49999 100000
rand insert 100000 20 38 27 110 4 4 32 37
rand delete 100000 17 35 33 105 3 8 34 37
asc insert 100000 50000 100000 50000 100000 4 4 50000 100000
asc delete 100000 25110 99662 25117 99669 1 2 49999 100000
rand insert 100000 22 45 29 133 4 4 41 44
rand delete 100000 19 43 35 132 3 8 42 44
asc insert 100000 50000 100000 50000 100000 4 4 50000 100000
asc delete 100000 24885 99804 24892 99811 1 2 49999 100000
rand insert 100000 20 41 28 121 4 4 35 40
rand delete 100000 17 38 34 116 3 8 38 40
