1000 66
1000 42
1000 54
1000 43
1000 39
1000 44
1000 58
1000 41
1000 65
1000 67
1000 43
1000 39
1000 48
1000 46
1000 46
1000 80
1000 45
1000 42
1000 78
1000 49
2000 62
2000 106
2000 67
2000 59
2000 74
2000 51
2000 70
2000 67
2000 69
2000 77
2000 70
2000 88
2000 52
2000 87
2000 47
2000 71
2000 73
2000 90
2000 73
2000 75
3000 75
3000 97
3000 65
3000 67
3000 73
3000 88
3000 96
3000 92
3000 88
3000 63
3000 91
3000 57
3000 60
3000 57
3000 97
3000 75
3000 78
3000 76
3000 89
3000 76
4000 74
4000 52
4000 93
4000 113
4000 55
4000 71
4000 114
4000 107
4000 95
4000 82
4000 77
4000 69
4000 78
4000 107
4000 80
4000 109
4000 98
4000 92
4000 106
4000 83
5000 124
5000 65
5000 102
5000 79
5000 116
5000 99
5000 92
5000 82
5000 93
5000 96
5000 85
5000 103
5000 107
5000 99
5000 117
5000 79
5000 90
5000 86
5000 93
5000 99
6000 133
6000 105
6000 95
6000 94
6000 96
6000 118
6000 112
6000 135
6000 102
6000 82
6000 125
6000 105
6000 65
6000 124
6000 116
6000 146
6000 88
6000 121
6000 146
6000 73
7000 98
7000 111
7000 101
7000 103
7000 151
7000 150
7000 151
7000 87
7000 139
7000 100
7000 103
7000 104
7000 110
7000 81
7000 102
7000 70
7000 101
7000 127
7000 122
7000 100
8000 139
8000 126
8000 103
8000 107
8000 107
8000 101
8000 115
8000 153
8000 134
8000 129
8000 129
8000 116
8000 111
8000 113
8000 99
8000 125
8000 115
8000 104
8000 108
8000 125
9000 121
9000 98
9000 137
9000 158
9000 110
9000 117
9000 119
9000 142
9000 87
9000 105
9000 133
9000 114
9000 116
9000 139
9000 125
9000 125
9000 96
9000 92
9000 118
9000 92
10000 116
10000 87
10000 99
10000 120
10000 93
10000 113
10000 77
10000 133
10000 115
10000 153
10000 110
10000 99
10000 111
10000 138
10000 140
10000 158
10000 102
10000 115
10000 123
10000 143
