100 1572
100 1572
100 1572
100 1572
100 1572
100 1572
100 1572
100 1572
100 1572
100 1572
200 3758
200 3758
200 3758
200 3758
200 3758
200 3758
200 3758
200 3758
200 3758
200 3758
300 6137
300 6137
300 6137
300 6137
300 6137
300 6137
300 6137
300 6137
300 6137
300 6137
400 8683
400 8683
400 8683
400 8683
400 8683
400 8683
400 8683
400 8683
400 8683
400 8683
500 11260
500 11260
500 11260
500 11260
500 11260
500 11260
500 11260
500 11260
500 11260
500 11260
600 14050
600 14050
600 14050
600 14050
600 14050
600 14050
600 14050
600 14050
600 14050
600 14050
700 16800
700 16800
700 16800
700 16800
700 16800
700 16800
700 16800
700 16800
700 16800
700 16800
800 19641
800 19641
800 19641
800 19641
800 19641
800 19641
800 19641
800 19641
800 19641
800 19641
900 22517
900 22517
900 22517
900 22517
900 22517
900 22517
900 22517
900 22517
900 22517
900 22517
1000 25547
1000 25547
1000 25547
1000 25547
1000 25547
1000 25547
1000 25547
1000 25547
1000 25547
1000 25547
1100 28583
1100 28583
1100 28583
1100 28583
1100 28583
1100 28583
1100 28583
1100 28583
1100 28583
1100 28583
1200 31454
1200 31454
1200 31454
1200 31454
1200 31454
1200 31454
1200 31454
1200 31454
1200 31454
1200 31454
1300 34591
1300 34591
1300 34591
1300 34591
1300 34591
1300 34591
1300 34591
1300 34591
1300 34591
1300 34591
1400 37720
1400 37720
1400 37720
1400 37720
1400 37720
1400 37720
1400 37720
1400 37720
1400 37720
1400 37720
1500 40892
1500 40892
1500 40892
1500 40892
1500 40892
1500 40892
1500 40892
1500 40892
1500 40892
1500 40892
1600 44049
1600 44049
1600 44049
1600 44049
1600 44049
1600 44049
1600 44049
1600 44049
1600 44049
1600 44049
1700 47154
1700 47154
1700 47154
1700 47154
1700 47154
1700 47154
1700 47154
1700 47154
1700 47154
1700 47154
1800 50398
1800 50398
1800 50398
1800 50398
1800 50398
1800 50398
1800 50398
1800 50398
1800 50398
1800 50398
1900 53563
1900 53563
1900 53563
1900 53563
1900 53563
1900 53563
1900 53563
1900 53563
1900 53563
1900 53563
2000 57016
2000 57016
2000 57016
2000 57016
2000 57016
2000 57016
2000 57016
2000 57016
2000 57016
2000 57016
2100 60358
2100 60358
2100 60358
2100 60358
2100 60358
2100 60358
2100 60358
2100 60358
2100 60358
2100 60358
2200 63546
2200 63546
2200 63546
2200 63546
2200 63546
2200 63546
2200 63546
2200 63546
2200 63546
2200 63546
2300 66924
2300 66924
2300 66924
2300 66924
2300 66924
2300 66924
2300 66924
2300 66924
2300 66924
2300 66924
2400 70365
2400 70365
2400 70365
2400 70365
2400 70365
2400 70365
2400 70365
2400 70365
2400 70365
2400 70365
2500 73610
2500 73610
2500 73610
2500 73610
2500 73610
2500 73610
2500 73610
2500 73610
2500 73610
2500 73610
2600 76947
2600 76947
2600 76947
2600 76947
2600 76947
2600 76947
2600 76947
2600 76947
2600 76947
2600 76947
2700 80285
2700 80285
2700 80285
2700 80285
2700 80285
2700 80285
2700 80285
2700 80285
2700 80285
2700 80285
2800 83925
2800 83925
2800 83925
2800 83925
2800 83925
2800 83925
2800 83925
2800 83925
2800 83925
2800 83925
2900 87250
2900 87250
2900 87250
2900 87250
2900 87250
2900 87250
2900 87250
2900 87250
2900 87250
2900 87250
3000 90770
3000 90770
3000 90770
3000 90770
3000 90770
3000 90770
3000 90770
3000 90770
3000 90770
3000 90770
3100 94318
3100 94318
3100 94318
3100 94318
3100 94318
3100 94318
3100 94318
3100 94318
3100 94318
3100 94318
3200 97933
3200 97933
3200 97933
3200 97933
3200 97933
3200 97933
3200 97933
3200 97933
3200 97933
3200 97933
3300 101259
3300 101259
3300 101259
3300 101259
3300 101259
3300 101259
3300 101259
3300 101259
3300 101259
3300 101259
3400 104687
3400 104687
3400 104687
3400 104687
3400 104687
3400 104687
3400 104687
3400 104687
3400 104687
3400 104687
3500 108124
3500 108124
3500 108124
3500 108124
3500 108124
3500 108124
3500 108124
3500 108124
3500 108124
3500 108124
3600 111853
3600 111853
3600 111853
3600 111853
3600 111853
3600 111853
3600 111853
3600 111853
3600 111853
3600 111853
3700 115182
3700 115321
3700 115321
3700 115321
3700 115321
3700 115321
3700 115321
3700 115321
3700 115321
3700 115321
3800 118884
3800 118884
3800 118884
3800 118884
3800 118884
3800 118884
3800 118884
3800 118884
3800 118884
3800 118884
3900 122258
3900 122258
3900 122258
3900 122258
3900 122258
3900 122258
3900 122258
3900 122258
3900 122258
3900 122258
4000 126067
4000 126067
4000 126067
4000 126067
4000 126067
4000 126067
4000 126067
4000 126067
4000 126067
4000 126067
4100 129947
4100 129947
4100 129947
4100 129947
4100 129947
4100 129947
4100 129947
4100 129947
4100 129947
4100 129947
4200 133322
4200 133322
4200 133322
4200 133322
4200 133322
4200 133322
4200 133322
4200 133322
4200 133322
4200 133322
4300 136866
4300 136866
4300 136866
4300 136866
4300 136866
4300 136866
4300 136866
4300 136866
4300 136866
4300 136866
4400 140358
4400 140358
4400 140358
4400 140358
4400 140358
4400 140358
4400 140358
4400 140358
4400 140358
4400 140358
4500 143743
4500 143743
4500 143743
4500 143743
4500 143743
4500 143743
4500 143743
4500 143743
4500 143743
4500 143743
4600 147580
4600 147580
4600 147580
4600 147580
4600 147580
4600 147580
4600 147580
4600 147580
4600 147580
4600 147580
4700 151056
4700 151056
4700 151056
4700 151056
4700 151056
4700 151056
4700 151056
4700 151056
4700 151056
4700 151056
4800 154765
4800 154765
4800 154765
4800 154765
4800 154765
4800 154765
4800 154765
4800 154765
4800 154765
4800 154765
4900 158492
4900 158492
4900 158492
4900 158492
4900 158492
4900 158492
4900 158492
4900 158492
4900 158492
4900 158492
5000 162255
5000 162255
5000 162255
5000 162255
5000 162255
5000 162255
5000 162255
5000 162255
5000 162255
5000 162255
5100 165919
5100 165919
5100 165919
5100 165919
5100 165919
5100 165919
5100 165919
5100 165919
5100 165919
5100 165919
5200 169678
5200 169678
5200 169678
5200 169678
5200 169678
5200 169678
5200 169678
5200 169678
5200 169678
5200 169678
5300 172938
5300 172938
5300 172938
5300 172938
5300 172938
5300 172938
5300 172938
5300 172938
5300 172938
5300 172938
5400 176726
5400 176726
5400 176726
5400 176726
5400 176726
5400 176726
5400 176726
5400 176726
5400 176726
5400 176726
5500 180545
5500 180545
5500 180545
5500 180545
5500 180545
5500 180545
5500 180545
5500 180545
5500 180545
5500 180545
5600 184108
5600 184110
5600 184110
5600 184110
5600 184110
5600 184110
5600 184110
5600 184110
5600 184110
5600 184110
5700 188094
5700 188094
5700 188094
5700 188094
5700 188094
5700 188094
5700 188094
5700 188094
5700 188094
5700 188094
5800 191769
5800 191769
5800 191769
5800 191769
5800 191769
5800 191769
5800 191769
5800 191769
5800 191769
5800 191769
5900 195641
5900 195641
5900 195641
5900 195641
5900 195641
5900 195641
5900 195641
5900 195641
5900 195641
5900 195641
6000 199224
6000 199224
6000 199224
6000 199224
6000 199224
6000 199224
6000 199224
6000 199224
6000 199224
6000 199224
6100 203489
6100 203489
6100 203489
6100 203489
6100 203489
6100 203489
6100 203489
6100 203489
6100 203489
6100 203489
6200 206950
6200 206950
6200 206950
6200 206950
6200 206950
6200 206950
6200 206950
6200 206950
6200 206950
6200 206950
6300 210704
6300 210704
6300 210704
6300 210704
6300 210704
6300 210704
6300 210704
6300 210704
6300 210704
6300 210704
6400 214332
6400 214332
6400 214332
6400 214332
6400 214332
6400 214332
6400 214332
6400 214332
6400 214332
6400 214332
6500 217806
6500 217806
6500 217806
6500 217806
6500 217806
6500 217806
6500 217806
6500 217806
6500 217806
6500 217806
6600 222008
6600 222008
6600 222008
6600 222008
6600 222008
6600 222008
6600 222008
6600 222008
6600 222008
6600 222008
6700 225638
6700 225638
6700 225638
6700 225638
6700 225638
6700 225638
6700 225638
6700 225638
6700 225638
6700 225638
6800 229342
6800 229342
6800 229342
6800 229342
6800 229342
6800 229342
6800 229342
6800 229342
6800 229342
6800 229342
6900 233016
6900 233016
6900 233016
6900 233016
6900 233016
6900 233016
6900 233016
6900 233016
6900 233016
6900 233016
7000 237104
7000 237104
7000 237104
7000 237104
7000 237104
7000 237104
7000 237104
7000 237187
7000 237187
7000 237187
7100 241005
7100 241005
7100 241005
7100 241005
7100 241005
7100 241005
7100 241005
7100 241005
7100 241005
7100 241005
7200 244741
7200 244741
7200 244741
7200 244741
7200 244741
7200 244741
7200 244741
7200 244741
7200 244741
7200 244741
7300 248890
7300 248890
7300 248890
7300 248890
7300 248890
7300 248890
7300 248890
7300 248890
7300 248890
7300 248890
7400 252237
7400 252237
7400 252237
7400 252237
7400 252237
7400 252237
7400 252237
7400 252237
7400 252237
7400 252237
7500 255766
7500 255766
7500 255766
7500 255766
7500 255766
7500 255766
7500 255766
7500 255766
7500 255766
7500 255766
7600 260282
7600 260282
7600 260282
7600 260282
7600 260282
7600 260282
7600 260282
7600 260282
7600 260282
7600 260282
7700 264337
7700 264337
7700 264337
7700 264337
7700 264337
7700 264337
7700 264337
7700 264337
7700 264337
7700 264337
7800 267908
7800 267908
7800 267908
7800 267908
7800 267908
7800 267908
7800 267908
7800 267908
7800 267908
7800 267908
7900 271786
7900 271786
7900 271786
7900 271786
7900 271786
7900 271786
7900 271786
7900 271786
7900 271786
7900 271786
8000 276052
8000 276052
8000 276052
8000 276052
8000 276052
8000 276052
8000 276052
8000 276052
8000 276052
8000 276052
8100 280145
8100 280145
8100 280145
8100 280145
8100 280145
8100 280145
8100 280145
8100 280145
8100 280145
8100 280145
8200 284113
8200 284113
8200 284113
8200 284113
8200 284499
8200 284499
8200 284499
8200 284499
8200 284499
8200 284499
8300 287819
8300 287819
8300 287819
8300 287819
8300 287819
8300 287819
8300 287819
8300 287819
8300 287819
8300 287819
8400 291804
8400 291804
8400 291804
8400 291804
8400 291804
8400 291804
8400 291804
8400 291804
8400 291804
8400 291804
8500 295415
8500 295415
8500 295415
8500 295415
8500 295415
8500 295415
8500 295415
8500 295415
8500 295415
8500 295415
8600 299242
8600 299242
8600 299242
8600 299242
8600 299242
8600 299242
8600 299242
8600 299242
8600 299242
8600 299242
8700 303172
8700 303172
8700 303172
8700 303172
8700 303172
8700 303172
8700 303172
8700 303172
8700 303172
8700 303172
8800 306879
8800 306879
8800 306879
8800 306879
8800 306879
8800 306879
8800 306879
8800 306879
8800 306879
8800 306879
8900 310521
8900 310521
8900 310521
8900 310521
8900 310521
8900 310521
8900 310521
8900 310521
8900 310521
8900 310521
9000 314769
9000 314769
9000 314769
9000 314769
9000 314769
9000 314769
9000 314769
9000 314769
9000 314769
9000 314769
9100 318275
9100 318275
9100 318275
9100 318275
9100 318275
9100 318275
9100 318275
9100 318275
9100 318275
9100 318275
9200 322605
9200 322605
9200 322605
9200 322605
9200 322605
9200 322605
9200 322605
9200 322605
9200 322605
9200 322504
9300 326397
9300 326397
9300 326397
9300 326397
9300 326397
9300 326397
9300 326397
9300 326397
9300 326397
9300 326397
9400 329876
9400 329876
9400 329876
9400 329876
9400 329876
9400 329876
9400 329876
9400 329876
9400 329876
9400 329876
9500 334257
9500 334257
9500 334257
9500 334257
9500 334257
9500 334257
9500 334257
9500 334257
9500 334257
9500 334257
9600 337926
9600 337926
9600 337926
9600 337926
9600 337926
9600 337926
9600 337926
9600 337926
9600 337926
9600 337926
9700 342056
9700 342056
9700 342056
9700 342056
9700 342056
9700 342056
9700 342056
9700 342056
9700 342056
9700 342056
9800 346068
9800 346068
9800 346068
9800 346068
9800 346068
9800 346068
9800 346068
9800 346068
9800 346068
9800 346068
9900 350125
9900 350125
9900 350125
9900 350125
9900 350125
9900 350125
9900 350125
9900 350125
9900 350125
9900 350125
10000 354315
10000 354315
10000 354315
10000 354315
10000 354315
10000 354315
10000 354315
10000 354315
10000 354315
10000 354315
