asc insert 10000 19998 2 379969 38 89995 9 50005000 10000
asc delete 10000 246977 5328 6015283 170453 1005858 29301 350091 6886
rand insert 10000 172506 34 5609761 1156 989041 199 291490 44
rand delete 10000 230835 57 5451229 1361 907818 221 290771 44
asc insert 10000 19998 2 379969 38 89995 9 50005000 10000
asc delete 10000 246977 5328 6015283 170453 1005858 29301 350091 6886
rand insert 10000 172506 34 5609761 1156 989041 199 291490 44
rand delete 10000 230835 57 5451229 1361 907818 221 290771 44
asc insert 10000 19998 2 379969 38 89995 9 50005000 10000
asc delete 10000 246977 5328 6015283 170453 1005858 29301 350091 6886
rand insert 10000 172506 34 5609761 1156 989041 199 291490 44
rand delete 10000 230835 57 5451229 1361 907818 221 290771 44
asc insert 10000 19998 2 379969 38 89995 9 50005000 10000
asc delete 10000 246977 5328 6015283 170453 1005858 29301 350091 6886
rand insert 10000 172506 34 5609761 1156 989041 199 291490 44
rand delete 10000 230835 57 5451229 1361 907818 221 290771 44
asc insert 10000 19998 2 379969 38 89995 9 50005000 10000
asc delete 10000 246977 5328 6015283 170453 1005858 29301 350091 6886
rand insert 10000 172506 34 5609761 1156 989041 199 291490 44
rand delete 10000 230835 57 5451229 1361 907818 221 290771 44
asc insert 10000 19998 2 379969 38 89995 9 50005000 10000
asc delete 10000 246977 5328 6015283 170453 1005858 29301 350091 6886
rand insert 10000 172506 34 5609761 1156 989041 199 291490 44
rand delete 10000 230835 57 5451229 1361 907818 221 290771 44
asc insert 10000 19998 2 379969 38 89995 9 50005000 10000
asc delete 10000 246977 5328 6015283 170453 1005858 29301 350091 6886
rand insert 10000 172506 34 5609761 1156 989041 199 291490 44
rand delete 10000 230835 57 5451229 1361 907818 221 290771 44
asc insert 10000 19998 2 379969 38 89995 9 50005000 10000
asc delete 10000 246977 5328 6015283 170453 1005858 29301 350091 6886
rand insert 10000 172506 34 5609761 1156 989041 199 291490 44
rand delete 10000 230835 57 5451229 1361 907818 221 290771 44
asc insert 10000 19998 2 379969 38 89995 9 50005000 10000
asc delete 10000 246977 5328 6015283 170453 1005858 29301 350091 6886
rand insert 10000 172506 34 5609761 1156 989041 199 291490 44
rand delete 10000 230835 57 5451229 1361 907818 221 290771 44
asc insert 10000 19998 2 379969 38 89995 9 50005000 10000
asc delete 10000 246977 5328 6015283 170453 1005858 29301 350091 6886
rand insert 10000 172506 34 5609761 1156 989041 199 291490 44
rand delete 10000 230835 57 5451229 1361 907818 221 290771 44
asc insert 10000 19998 2 379969 38 89995 9 50005000 10000
asc delete 10000 246977 5328 6015283 170453 1005858 29301 350091 6886
rand insert 10000 172506 34 5609761 1156 989041 199 291490 44
rand delete 10000 230835 57 5451229 1361 907818 221 290771 44
asc insert 10000 19998 2 379969 38 89995 9 50005000 10000
asc delete 10000 246977 5328 6015283 170453 1005858 29301 350091 6886
rand insert 10000 172506 34 5609761 1156 989041 199 291490 44
rand delete 10000 230835 57 5451229 1361 907818 221 290771 44
asc insert 10000 19998 2 379969 38 89995 9 50005000 10000
asc delete 10000 246977 5328 6015283 170453 1005858 29301 350091 6886
rand insert 10000 172506 34 5609761 1156 989041 199 291490 44
rand delete 10000 230835 57 5451229 1361 907818 221 290771 44
asc insert 10000 19998 2 379969 38 89995 9 50005000 10000
asc delete 10000 247095 7695 6014985 246200 1006035 42319 371354 3850
rand insert 10000 172090 37 5594139 1214 986601 216 295744 42
rand delete 10000 231524 54 5467302 1265 910907 210 292470 43
asc insert 10000 19998 2 379969 38 89995 9 50005000 10000
asc delete 10000 247095 7695 6014985 246200 1006035 42319 371354 3850
rand insert 10000 172090 37 5594139 1214 986601 216 295744 42
rand delete 10000 231524 54 5467302 1265 910907 210 292470 43
asc insert 10000 19998 2 379969 38 89995 9 50005000 10000
asc delete 10000 247095 7695 6014985 246200 1006035 42319 371354 3850
rand insert 10000 172090 37 5594139 1214 986601 216 295744 42
rand delete 10000 231524 54 5467302 1265 910907 210 292470 43
asc insert 10000 19998 2 379969 38 89995 9 50005000 10000
asc delete 10000 247095 7695 6014985 246200 1006035 42319 371354 3850
rand insert 10000 172090 37 5594139 1214 986601 216 295744 42
rand delete 10000 231524 54 5467302 1265 910907 210 292470 43
asc insert 10000 19998 2 379969 38 89995 9 50005000 10000
asc delete 10000 247095 7695 6014985 246200 1006035 42319 371354 3850
rand insert 10000 172090 37 5594139 1214 986601 216 295744 42
rand delete 10000 231524 54 5467302 1265 910907 210 292470 43
asc insert 10000 19998 2 379969 38 89995 9 50005000 10000
asc delete 10000 247095 7695 6014985 246200 1006035 42319 371354 3850
rand insert 10000 172090 37 5594139 1214 986601 216 295744 42
rand delete 10000 231524 54 5467302 1265 910907 210 292470 43
asc insert 10000 19998 2 379969 38 89995 9 50005000 10000
asc delete 10000 247095 7695 6014985 246200 1006035 42319 371354 3850
rand insert 10000 172090 37 5594139 1214 986601 216 295744 42
rand delete 10000 231524 54 5467302 1265 910907 210 292470 43
asc insert 20000 39998 2 759969 38 179995 9 200010000 20000
asc delete 20000 537369 15407 13126144 492984 2187507 84735 763329 7704
rand insert 20000 372905 40 12195800 1331 2145656 235 649409 48
rand delete 20000 505817 57 11990391 1383 1992263 225 640048 47
asc insert 20000 39998 2 759969 38 179995 9 200010000 20000
asc delete 20000 537369 15407 13126144 492984 2187507 84735 763329 7704
rand insert 20000 372905 40 12195800 1331 2145656 235 649409 48
rand delete 20000 505817 57 11990391 1383 1992263 225 640048 47
asc insert 20000 39998 2 759969 38 179995 9 200010000 20000
asc delete 20000 537369 15407 13126144 492984 2187507 84735 763329 7704
rand insert 20000 372905 40 12195800 1331 2145656 235 649409 48
rand delete 20000 505817 57 11990391 1383 1992263 225 640048 47
asc insert 20000 39998 2 759969 38 179995 9 200010000 20000
asc delete 20000 537369 15407 13126144 492984 2187507 84735 763329 7704
rand insert 20000 372905 40 12195800 1331 2145656 235 649409 48
rand delete 20000 505817 57 11990391 1383 1992263 225 640048 47
asc insert 20000 39998 2 759969 38 179995 9 200010000 20000
asc delete 20000 537369 15407 13126144 492984 2187507 84735 763329 7704
rand insert 20000 372905 40 12195800 1331 2145656 235 649409 48
rand delete 20000 505817 57 11990391 1383 1992263 225 640048 47
asc insert 20000 39998 2 759969 38 179995 9 200010000 20000
asc delete 20000 537369 15407 13126144 492984 2187507 84735 763329 7704
rand insert 20000 372905 40 12195800 1331 2145656 235 649409 48
rand delete 20000 505817 57 11990391 1383 1992263 225 640048 47
asc insert 20000 39998 2 759969 38 179995 9 200010000 20000
asc delete 20000 537369 15407 13126144 492984 2187507 84735 763329 7704
rand insert 20000 372905 40 12195800 1331 2145656 235 649409 48
rand delete 20000 505817 57 11990391 1383 1992263 225 640048 47
asc insert 20000 39998 2 759969 38 179995 9 200010000 20000
asc delete 20000 537369 15407 13126144 492984 2187507 84735 763329 7704
rand insert 20000 372905 40 12195800 1331 2145656 235 649409 48
rand delete 20000 505817 57 11990391 1383 1992263 225 640048 47
asc insert 20000 39998 2 759969 38 179995 9 200010000 20000
asc delete 20000 537369 15407 13126144 492984 2187507 84735 763329 7704
rand insert 20000 372905 40 12195800 1331 2145656 235 649409 48
rand delete 20000 505817 57 11990391 1383 1992263 225 640048 47
asc insert 20000 39998 2 759969 38 179995 9 200010000 20000
asc delete 20000 537369 15407 13126144 492984 2187507 84735 763329 7704
rand insert 20000 372905 40 12195800 1331 2145656 235 649409 48
rand delete 20000 505817 57 11990391 1383 1992263 225 640048 47
asc insert 20000 39998 2 759969 38 179995 9 200010000 20000
asc delete 20000 537369 15407 13126144 492984 2187507 84735 763329 7704
rand insert 20000 372905 40 12195800 1331 2145656 235 649409 48
rand delete 20000 505817 57 11990391 1383 1992263 225 640048 47
asc insert 20000 39998 2 759969 38 179995 9 200010000 20000
asc delete 20000 537369 15407 13126144 492984 2187507 84735 763329 7704
rand insert 20000 372905 40 12195800 1331 2145656 235 649409 48
rand delete 20000 505817 57 11990391 1383 1992263 225 640048 47
asc insert 20000 39998 2 759969 38 179995 9 200010000 20000
asc delete 20000 537369 15407 13126144 492984 2187507 84735 763329 7704
rand insert 20000 372905 40 12195800 1331 2145656 235 649409 48
rand delete 20000 505817 57 11990391 1383 1992263 225 640048 47
asc insert 20000 39998 2 759969 38 179995 9 200010000 20000
asc delete 20000 537369 15407 13126144 492984 2187507 84735 763329 7704
rand insert 20000 372905 40 12195800 1331 2145656 235 649409 48
rand delete 20000 505817 57 11990391 1383 1992263 225 640048 47
asc insert 20000 39998 2 759969 38 179995 9 200010000 20000
asc delete 20000 537369 15407 13126144 492984 2187507 84735 763329 7704
rand insert 20000 372905 40 12195800 1331 2145656 235 649409 48
rand delete 20000 505817 57 11990391 1383 1992263 225 640048 47
asc insert 20000 39998 2 759969 38 179995 9 200010000 20000
asc delete 20000 537369 15407 13126144 492984 2187507 84735 763329 7704
rand insert 20000 372905 40 12195800 1331 2145656 235 649409 48
rand delete 20000 505817 57 11990391 1383 1992263 225 640048 47
asc insert 20000 39998 2 759969 38 179995 9 200010000 20000
asc delete 20000 537369 15407 13126144 492984 2187507 84735 763329 7704
rand insert 20000 372905 40 12195800 1331 2145656 235 649409 48
rand delete 20000 505817 57 11990391 1383 1992263 225 640048 47
asc insert 20000 39998 2 759969 38 179995 9 200010000 20000
asc delete 20000 537369 15407 13126144 492984 2187507 84735 763329 7704
rand insert 20000 372905 40 12195800 1331 2145656 235 649409 48
rand delete 20000 505817 57 11990391 1383 1992263 225 640048 47
asc insert 20000 39998 2 759969 38 179995 9 200010000 20000
asc delete 20000 537369 15407 13126144 492984 2187507 84735 763329 7704
rand insert 20000 372905 40 12195800 1331 2145656 235 649409 48
rand delete 20000 505817 57 11990391 1383 1992263 225 640048 47
asc insert 20000 39998 2 759969 38 179995 9 200010000 20000
asc delete 20000 537369 15407 13126144 492984 2187507 84735 763329 7704
rand insert 20000 372905 40 12195800 1331 2145656 235 649409 48
rand delete 20000 505817 57 11990391 1383 1992263 225 640048 47
asc insert 30000 59998 2 1139969 38 269995 9 450015000 30000
asc delete 30000 846065 17868 20648576 571730 3437884 98270 1257302 26617
rand insert 30000 586361 40 19236737 1336 3380491 235 1023106 49
rand delete 30000 795480 62 18927884 1461 3138139 236 1016597 50
asc insert 30000 59998 2 1139969 38 269995 9 450015000 30000
asc delete 30000 846065 17868 20648576 571730 3437884 98270 1257302 26617
rand insert 30000 586361 40 19236737 1336 3380491 235 1023106 49
rand delete 30000 795480 62 18927884 1461 3138139 236 1016597 50
asc insert 30000 59998 2 1139969 38 269995 9 450015000 30000
asc delete 30000 846065 17868 20648576 571730 3437884 98270 1257302 26617
rand insert 30000 586361 40 19236737 1336 3380491 235 1023106 49
rand delete 30000 795480 62 18927884 1461 3138139 236 1016597 50
asc insert 30000 59998 2 1139969 38 269995 9 450015000 30000
asc delete 30000 846065 17868 20648576 571730 3437884 98270 1257302 26617
rand insert 30000 586361 40 19236737 1336 3380491 235 1023106 49
rand delete 30000 795480 62 18927884 1461 3138139 236 1016597 50
asc insert 30000 59998 2 1139969 38 269995 9 450015000 30000
asc delete 30000 846065 17868 20648576 571730 3437884 98270 1257302 26617
rand insert 30000 586361 40 19236737 1336 3380491 235 1023106 49
rand delete 30000 795480 62 18927884 1461 3138139 236 1016597 50
asc insert 30000 59998 2 1139969 38 269995 9 450015000 30000
asc delete 30000 846065 17868 20648576 571730 3437884 98270 1257302 26617
rand insert 30000 586361 40 19236737 1336 3380491 235 1023106 49
rand delete 30000 795480 62 18927884 1461 3138139 236 1016597 50
asc insert 30000 59998 2 1139969 38 269995 9 450015000 30000
asc delete 30000 846065 17868 20648576 571730 3437884 98270 1257302 26617
rand insert 30000 586361 40 19236737 1336 3380491 235 1023106 49
rand delete 30000 795480 62 18927884 1461 3138139 236 1016597 50
asc insert 30000 59998 2 1139969 38 269995 9 450015000 30000
asc delete 30000 846065 17868 20648576 571730 3437884 98270 1257302 26617
rand insert 30000 586361 40 19236737 1336 3380491 235 1023106 49
rand delete 30000 795480 62 18927884 1461 3138139 236 1016597 50
asc insert 30000 59998 2 1139969 38 269995 9 450015000 30000
asc delete 30000 846065 17868 20648576 571730 3437884 98270 1257302 26617
rand insert 30000 586361 40 19236737 1336 3380491 235 1023106 49
rand delete 30000 795480 62 18927884 1461 3138139 236 1016597 50
asc insert 30000 59998 2 1139969 38 269995 9 450015000 30000
asc delete 30000 846065 17868 20648576 571730 3437884 98270 1257302 26617
rand insert 30000 586361 40 19236737 1336 3380491 235 1023106 49
rand delete 30000 795480 62 18927884 1461 3138139 236 1016597 50
asc insert 30000 59998 2 1139969 38 269995 9 450015000 30000
asc delete 30000 846065 17868 20648576 571730 3437884 98270 1257302 26617
rand insert 30000 586361 40 19236737 1336 3380491 235 1023106 49
rand delete 30000 795480 62 18927884 1461 3138139 236 1016597 50
asc insert 30000 59998 2 1139969 38 269995 9 450015000 30000
asc delete 30000 846065 17868 20648576 571730 3437884 98270 1257302 26617
rand insert 30000 586361 40 19236737 1336 3380491 235 1023106 49
rand delete 30000 795480 62 18927884 1461 3138139 236 1016597 50
asc insert 30000 59998 2 1139969 38 269995 9 450015000 30000
asc delete 30000 846065 17868 20648576 571730 3437884 98270 1257302 26617
rand insert 30000 586361 40 19236737 1336 3380491 235 1023106 49
rand delete 30000 795480 62 18927884 1461 3138139 236 1016597 50
asc insert 30000 59998 2 1139969 38 269995 9 450015000 30000
asc delete 30000 846065 17868 20648576 571730 3437884 98270 1257302 26617
rand insert 30000 586361 40 19236737 1336 3380491 235 1023106 49
rand delete 30000 795480 62 18927884 1461 3138139 236 1016597 50
asc insert 30000 59998 2 1139969 38 269995 9 450015000 30000
asc delete 30000 844755 15791 20629251 505281 3434037 86848 1364913 21370
rand insert 30000 585727 45 19212626 1490 3376514 264 1033455 49
rand delete 30000 796072 59 18938251 1419 3139655 234 1016340 51
asc insert 30000 59998 2 1139969 38 269995 9 450015000 30000
asc delete 30000 844755 15791 20629251 505281 3434037 86848 1364913 21370
rand insert 30000 585727 45 19212626 1490 3376514 264 1033455 49
rand delete 30000 796072 59 18938251 1419 3139655 234 1016340 51
asc insert 30000 59998 2 1139969 38 269995 9 450015000 30000
asc delete 30000 844755 15791 20629251 505281 3434037 86848 1364913 21370
rand insert 30000 585727 45 19212626 1490 3376514 264 1033455 49
rand delete 30000 796072 59 18938251 1419 3139655 234 1016340 51
asc insert 30000 59998 2 1139969 38 269995 9 450015000 30000
asc delete 30000 844755 15791 20629251 505281 3434037 86848 1364913 21370
rand insert 30000 585727 45 19212626 1490 3376514 264 1033455 49
rand delete 30000 796072 59 18938251 1419 3139655 234 1016340 51
asc insert 30000 59998 2 1139969 38 269995 9 450015000 30000
asc delete 30000 844755 15791 20629251 505281 3434037 86848 1364913 21370
rand insert 30000 585727 45 19212626 1490 3376514 264 1033455 49
rand delete 30000 796072 59 18938251 1419 3139655 234 1016340 51
asc insert 30000 59998 2 1139969 38 269995 9 450015000 30000
asc delete 30000 844755 15791 20629251 505281 3434037 86848 1364913 21370
rand insert 30000 585727 45 19212626 1490 3376514 264 1033455 49
rand delete 30000 796072 59 18938251 1419 3139655 234 1016340 51
asc insert 40000 79998 2 1519969 38 359995 9 800020000 40000
asc delete 40000 1164535 23909 28464441 765048 4733460 131496 1618416 16094
rand insert 40000 805467 44 26467067 1474 4648957 259 1423227 52
rand delete 40000 1099519 64 26196306 1430 4339519 240 1414391 52
asc insert 40000 79998 2 1519969 38 359995 9 800020000 40000
asc delete 40000 1164535 23909 28464441 765048 4733460 131496 1618416 16094
rand insert 40000 805467 44 26467067 1474 4648957 259 1423227 52
rand delete 40000 1099519 64 26196306 1430 4339519 240 1414391 52
asc insert 40000 79998 2 1519969 38 359995 9 800020000 40000
asc delete 40000 1164535 23909 28464441 765048 4733460 131496 1618416 16094
rand insert 40000 805467 44 26467067 1474 4648957 259 1423227 52
rand delete 40000 1099519 64 26196306 1430 4339519 240 1414391 52
asc insert 40000 79998 2 1519969 38 359995 9 800020000 40000
asc delete 40000 1164535 23909 28464441 765048 4733460 131496 1618416 16094
rand insert 40000 805467 44 26467067 1474 4648957 259 1423227 52
rand delete 40000 1099519 64 26196306 1430 4339519 240 1414391 52
asc insert 40000 79998 2 1519969 38 359995 9 800020000 40000
asc delete 40000 1164535 23909 28464441 765048 4733460 131496 1618416 16094
rand insert 40000 805467 44 26467067 1474 4648957 259 1423227 52
rand delete 40000 1099519 64 26196306 1430 4339519 240 1414391 52
asc insert 40000 79998 2 1519969 38 359995 9 800020000 40000
asc delete 40000 1163535 16871 28431138 539832 4727155 92787 1748906 23131
rand insert 40000 806109 42 26489148 1431 4652547 248 1420615 52
rand delete 40000 1097866 65 26161678 1543 4332544 251 1404811 50
asc insert 40000 79998 2 1519969 38 359995 9 800020000 40000
asc delete 40000 1163535 16871 28431138 539832 4727155 92787 1748906 23131
rand insert 40000 806109 42 26489148 1431 4652547 248 1420615 52
rand delete 40000 1097866 65 26161678 1543 4332544 251 1404811 50
asc insert 40000 79998 2 1519969 38 359995 9 800020000 40000
asc delete 40000 1163535 16871 28431138 539832 4727155 92787 1748906 23131
rand insert 40000 806109 42 26489148 1431 4652547 248 1420615 52
rand delete 40000 1097866 65 26161678 1543 4332544 251 1404811 50
asc insert 40000 79998 2 1519969 38 359995 9 800020000 40000
asc delete 40000 1163535 16871 28431138 539832 4727155 92787 1748906 23131
rand insert 40000 806109 42 26489148 1431 4652547 248 1420615 52
rand delete 40000 1097866 65 26161678 1543 4332544 251 1404811 50
asc insert 40000 79998 2 1519969 38 359995 9 800020000 40000
asc delete 40000 1163535 16871 28431138 539832 4727155 92787 1748906 23131
rand insert 40000 806109 42 26489148 1431 4652547 248 1420615 52
rand delete 40000 1097866 65 26161678 1543 4332544 251 1404811 50
asc insert 40000 79998 2 1519969 38 359995 9 800020000 40000
asc delete 40000 1163535 16871 28431138 539832 4727155 92787 1748906 23131
rand insert 40000 806109 42 26489148 1431 4652547 248 1420615 52
rand delete 40000 1097866 65 26161678 1543 4332544 251 1404811 50
asc insert 40000 79998 2 1519969 38 359995 9 800020000 40000
asc delete 40000 1163535 16871 28431138 539832 4727155 92787 1748906 23131
rand insert 40000 806109 42 26489148 1431 4652547 248 1420615 52
rand delete 40000 1097866 65 26161678 1543 4332544 251 1404811 50
asc insert 40000 79998 2 1519969 38 359995 9 800020000 40000
asc delete 40000 1163535 16871 28431138 539832 4727155 92787 1748906 23131
rand insert 40000 806109 42 26489148 1431 4652547 248 1420615 52
rand delete 40000 1097866 65 26161678 1543 4332544 251 1404811 50
asc insert 40000 79998 2 1519969 38 359995 9 800020000 40000
asc delete 40000 1162237 15839 28409609 506810 4723557 87111 1616316 29544
rand insert 40000 805791 42 26475194 1424 4650820 246 1430611 53
rand delete 40000 1098481 64 26157800 1519 4332468 242 1402924 51
asc insert 40000 79998 2 1519969 38 359995 9 800020000 40000
asc delete 40000 1162237 15839 28409609 506810 4723557 87111 1616316 29544
rand insert 40000 805791 42 26475194 1424 4650820 246 1430611 53
rand delete 40000 1098481 64 26157800 1519 4332468 242 1402924 51
asc insert 40000 79998 2 1519969 38 359995 9 800020000 40000
asc delete 40000 1162237 15839 28409609 506810 4723557 87111 1616316 29544
rand insert 40000 805791 42 26475194 1424 4650820 246 1430611 53
rand delete 40000 1098481 64 26157800 1519 4332468 242 1402924 51
asc insert 40000 79998 2 1519969 38 359995 9 800020000 40000
asc delete 40000 1162237 15839 28409609 506810 4723557 87111 1616316 29544
rand insert 40000 805791 42 26475194 1424 4650820 246 1430611 53
rand delete 40000 1098481 64 26157800 1519 4332468 242 1402924 51
asc insert 40000 79998 2 1519969 38 359995 9 800020000 40000
asc delete 40000 1162237 15839 28409609 506810 4723557 87111 1616316 29544
rand insert 40000 805791 42 26475194 1424 4650820 246 1430611 53
rand delete 40000 1098481 64 26157800 1519 4332468 242 1402924 51
asc insert 40000 79998 2 1519969 38 359995 9 800020000 40000
asc delete 40000 1162237 15839 28409609 506810 4723557 87111 1616316 29544
rand insert 40000 805791 42 26475194 1424 4650820 246 1430611 53
rand delete 40000 1098481 64 26157800 1519 4332468 242 1402924 51
asc insert 40000 79998 2 1519969 38 359995 9 800020000 40000
asc delete 40000 1162237 15839 28409609 506810 4723557 87111 1616316 29544
rand insert 40000 805791 42 26475194 1424 4650820 246 1430611 53
rand delete 40000 1098481 64 26157800 1519 4332468 242 1402924 51
asc insert 50000 99998 2 1899969 38 449995 9 1250025000 50000
asc delete 50000 1488107 23579 36412797 754490 6048351 129681 2269036 39312
rand insert 50000 1029465 44 33872514 1500 5946906 259 1826429 53
rand delete 50000 1407701 64 33547656 1515 5553101 250 1804935 54
asc insert 50000 99998 2 1899969 38 449995 9 1250025000 50000
asc delete 50000 1488107 23579 36412797 754490 6048351 129681 2269036 39312
rand insert 50000 1029465 44 33872514 1500 5946906 259 1826429 53
rand delete 50000 1407701 64 33547656 1515 5553101 250 1804935 54
asc insert 50000 99998 2 1899969 38 449995 9 1250025000 50000
asc delete 50000 1486794 23875 36375369 763967 6041150 131310 2478824 37195
rand insert 50000 1029954 42 33889207 1394 5949743 245 1820339 52
rand delete 50000 1408060 72 33579907 1596 5557925 263 1812368 53
asc insert 50000 99998 2 1899969 38 449995 9 1250025000 50000
asc delete 50000 1486794 23875 36375369 763967 6041150 131310 2478824 37195
rand insert 50000 1029954 42 33889207 1394 5949743 245 1820339 52
rand delete 50000 1408060 72 33579907 1596 5557925 263 1812368 53
asc insert 50000 99998 2 1899969 38 449995 9 1250025000 50000
asc delete 50000 1486794 23875 36375369 763967 6041150 131310 2478824 37195
rand insert 50000 1029954 42 33889207 1394 5949743 245 1820339 52
rand delete 50000 1408060 72 33579907 1596 5557925 263 1812368 53
asc insert 50000 99998 2 1899969 38 449995 9 1250025000 50000
asc delete 50000 1486794 23875 36375369 763967 6041150 131310 2478824 37195
rand insert 50000 1029954 42 33889207 1394 5949743 245 1820339 52
rand delete 50000 1408060 72 33579907 1596 5557925 263 1812368 53
asc insert 50000 99998 2 1899969 38 449995 9 1250025000 50000
asc delete 50000 1486794 23875 36375369 763967 6041150 131310 2478824 37195
rand insert 50000 1029954 42 33889207 1394 5949743 245 1820339 52
rand delete 50000 1408060 72 33579907 1596 5557925 263 1812368 53
asc insert 50000 99998 2 1899969 38 449995 9 1250025000 50000
asc delete 50000 1486794 23875 36375369 763967 6041150 131310 2478824 37195
rand insert 50000 1029954 42 33889207 1394 5949743 245 1820339 52
rand delete 50000 1408060 72 33579907 1596 5557925 263 1812368 53
asc insert 50000 99998 2 1899969 38 449995 9 1250025000 50000
asc delete 50000 1486794 23875 36375369 763967 6041150 131310 2478824 37195
rand insert 50000 1029954 42 33889207 1394 5949743 245 1820339 52
rand delete 50000 1408060 72 33579907 1596 5557925 263 1812368 53
asc insert 50000 99998 2 1899969 38 449995 9 1250025000 50000
asc delete 50000 1486794 23875 36375369 763967 6041150 131310 2478824 37195
rand insert 50000 1029954 42 33889207 1394 5949743 245 1820339 52
rand delete 50000 1408060 72 33579907 1596 5557925 263 1812368 53
asc insert 50000 99998 2 1899969 38 449995 9 1250025000 50000
asc delete 50000 1490327 28494 36446254 911762 6054397 156713 2267654 40940
rand insert 50000 1029636 42 33883544 1415 5948012 246 1826169 52
rand delete 50000 1407697 62 33555957 1595 5554141 251 1813212 51
asc insert 50000 99998 2 1899969 38 449995 9 1250025000 50000
asc delete 50000 1490327 28494 36446254 911762 6054397 156713 2267654 40940
rand insert 50000 1029636 42 33883544 1415 5948012 246 1826169 52
rand delete 50000 1407697 62 33555957 1595 5554141 251 1813212 51
asc insert 50000 99998 2 1899969 38 449995 9 1250025000 50000
asc delete 50000 1490327 28494 36446254 911762 6054397 156713 2267654 40940
rand insert 50000 1029636 42 33883544 1415 5948012 246 1826169 52
rand delete 50000 1407697 62 33555957 1595 5554141 251 1813212 51
asc insert 50000 99998 2 1899969 38 449995 9 1250025000 50000
asc delete 50000 1490327 28494 36446254 911762 6054397 156713 2267654 40940
rand insert 50000 1029636 42 33883544 1415 5948012 246 1826169 52
rand delete 50000 1407697 62 33555957 1595 5554141 251 1813212 51
asc insert 50000 99998 2 1899969 38 449995 9 1250025000 50000
asc delete 50000 1490327 28494 36446254 911762 6054397 156713 2267654 40940
rand insert 50000 1029636 42 33883544 1415 5948012 246 1826169 52
rand delete 50000 1407697 62 33555957 1595 5554141 251 1813212 51
asc insert 50000 99998 2 1899969 38 449995 9 1250025000 50000
asc delete 50000 1490327 28494 36446254 911762 6054397 156713 2267654 40940
rand insert 50000 1029636 42 33883544 1415 5948012 246 1826169 52
rand delete 50000 1407697 62 33555957 1595 5554141 251 1813212 51
asc insert 50000 99998 2 1899969 38 449995 9 1250025000 50000
asc delete 50000 1490327 28494 36446254 911762 6054397 156713 2267654 40940
rand insert 50000 1029636 42 33883544 1415 5948012 246 1826169 52
rand delete 50000 1407697 62 33555957 1595 5554141 251 1813212 51
asc insert 50000 99998 2 1899969 38 449995 9 1250025000 50000
asc delete 50000 1490327 28494 36446254 911762 6054397 156713 2267654 40940
rand insert 50000 1029636 42 33883544 1415 5948012 246 1826169 52
rand delete 50000 1407697 62 33555957 1595 5554141 251 1813212 51
asc insert 50000 99998 2 1899969 38 449995 9 1250025000 50000
asc delete 50000 1490887 45217 36466939 1446904 6058312 248690 2291553 22609
rand insert 50000 1029824 44 33887435 1464 5949145 256 1820944 53
rand delete 50000 1409543 66 33608340 1482 5562317 246 1809983 52
asc insert 50000 99998 2 1899969 38 449995 9 1250025000 50000
asc delete 50000 1490887 45217 36466939 1446904 6058312 248690 2291553 22609
rand insert 50000 1029824 44 33887435 1464 5949145 256 1820944 53
rand delete 50000 1409543 66 33608340 1482 5562317 246 1809983 52
asc insert 60000 119998 2 2279969 38 539995 9 1800030000 60000
asc delete 60000 1820158 29769 44540713 952568 7394165 163726 2834048 30233
rand insert 60000 1259770 44 41500634 1445 7282895 256 2248526 54
rand delete 60000 1725394 69 41163607 1572 6809823 263 2213982 54
asc insert 60000 119998 2 2279969 38 539995 9 1800030000 60000
asc delete 60000 1820158 29769 44540713 952568 7394165 163726 2834048 30233
rand insert 60000 1259770 44 41500634 1445 7282895 256 2248526 54
rand delete 60000 1725394 69 41163607 1572 6809823 263 2213982 54
asc insert 60000 119998 2 2279969 38 539995 9 1800030000 60000
asc delete 60000 1820158 29769 44540713 952568 7394165 163726 2834048 30233
rand insert 60000 1259770 44 41500634 1445 7282895 256 2248526 54
rand delete 60000 1725394 69 41163607 1572 6809823 263 2213982 54
asc insert 60000 119998 2 2279969 38 539995 9 1800030000 60000
asc delete 60000 1820158 29769 44540713 952568 7394165 163726 2834048 30233
rand insert 60000 1259770 44 41500634 1445 7282895 256 2248526 54
rand delete 60000 1725394 69 41163607 1572 6809823 263 2213982 54
asc insert 60000 119998 2 2279969 38 539995 9 1800030000 60000
asc delete 60000 1822401 39130 44600579 1252112 7404241 215211 2675629 20874
rand insert 60000 1257180 45 41410628 1554 7267083 266 2254683 54
rand delete 60000 1724774 67 41151217 1572 6807194 251 2221729 55
asc insert 60000 119998 2 2279969 38 539995 9 1800030000 60000
asc delete 60000 1822401 39130 44600579 1252112 7404241 215211 2675629 20874
rand insert 60000 1257180 45 41410628 1554 7267083 266 2254683 54
rand delete 60000 1724774 67 41151217 1572 6807194 251 2221729 55
asc insert 60000 119998 2 2279969 38 539995 9 1800030000 60000
asc delete 60000 1822401 39130 44600579 1252112 7404241 215211 2675629 20874
rand insert 60000 1257180 45 41410628 1554 7267083 266 2254683 54
rand delete 60000 1724774 67 41151217 1572 6807194 251 2221729 55
asc insert 60000 119998 2 2279969 38 539995 9 1800030000 60000
asc delete 60000 1822401 39130 44600579 1252112 7404241 215211 2675629 20874
rand insert 60000 1257180 45 41410628 1554 7267083 266 2254683 54
rand delete 60000 1724774 67 41151217 1572 6807194 251 2221729 55
asc insert 60000 119998 2 2279969 38 539995 9 1800030000 60000
asc delete 60000 1822401 39130 44600579 1252112 7404241 215211 2675629 20874
rand insert 60000 1257180 45 41410628 1554 7267083 266 2254683 54
rand delete 60000 1724774 67 41151217 1572 6807194 251 2221729 55
asc insert 60000 119998 2 2279969 38 539995 9 1800030000 60000
asc delete 60000 1822401 39130 44600579 1252112 7404241 215211 2675629 20874
rand insert 60000 1257180 45 41410628 1554 7267083 266 2254683 54
rand delete 60000 1724774 67 41151217 1572 6807194 251 2221729 55
asc insert 60000 119998 2 2279969 38 539995 9 1800030000 60000
asc delete 60000 1822401 39130 44600579 1252112 7404241 215211 2675629 20874
rand insert 60000 1257180 45 41410628 1554 7267083 266 2254683 54
rand delete 60000 1724774 67 41151217 1572 6807194 251 2221729 55
asc insert 60000 119998 2 2279969 38 539995 9 1800030000 60000
asc delete 60000 1824134 43123 44633447 1379896 7410957 237173 2719869 21564
rand insert 60000 1259365 45 41486784 1527 7280245 265 2246006 57
rand delete 60000 1723397 66 41120264 1510 6801555 253 2232015 54
asc insert 60000 119998 2 2279969 38 539995 9 1800030000 60000
asc delete 60000 1824134 43123 44633447 1379896 7410957 237173 2719869 21564
rand insert 60000 1259365 45 41486784 1527 7280245 265 2246006 57
rand delete 60000 1723397 66 41120264 1510 6801555 253 2232015 54
asc insert 60000 119998 2 2279969 38 539995 9 1800030000 60000
asc delete 60000 1824134 43123 44633447 1379896 7410957 237173 2719869 21564
rand insert 60000 1259365 45 41486784 1527 7280245 265 2246006 57
rand delete 60000 1723397 66 41120264 1510 6801555 253 2232015 54
asc insert 60000 119998 2 2279969 38 539995 9 1800030000 60000
asc delete 60000 1824134 43123 44633447 1379896 7410957 237173 2719869 21564
rand insert 60000 1259365 45 41486784 1527 7280245 265 2246006 57
rand delete 60000 1723397 66 41120264 1510 6801555 253 2232015 54
asc insert 60000 119998 2 2279969 38 539995 9 1800030000 60000
asc delete 60000 1824134 43123 44633447 1379896 7410957 237173 2719869 21564
rand insert 60000 1259365 45 41486784 1527 7280245 265 2246006 57
rand delete 60000 1723397 66 41120264 1510 6801555 253 2232015 54
asc insert 60000 119998 2 2279969 38 539995 9 1800030000 60000
asc delete 60000 1819692 29625 44555269 947960 7396119 162934 2824005 30378
rand insert 60000 1257887 45 41434729 1544 7271913 265 2246981 56
rand delete 60000 1723896 70 41139991 1574 6805507 262 2211945 54
asc insert 60000 119998 2 2279969 38 539995 9 1800030000 60000
asc delete 60000 1819692 29625 44555269 947960 7396119 162934 2824005 30378
rand insert 60000 1257887 45 41434729 1544 7271913 265 2246981 56
rand delete 60000 1723896 70 41139991 1574 6805507 262 2211945 54
asc insert 60000 119998 2 2279969 38 539995 9 1800030000 60000
asc delete 60000 1819692 29625 44555269 947960 7396119 162934 2824005 30378
rand insert 60000 1257887 45 41434729 1544 7271913 265 2246981 56
rand delete 60000 1723896 70 41139991 1574 6805507 262 2211945 54
asc insert 60000 119998 2 2279969 38 539995 9 1800030000 60000
asc delete 60000 1819692 29625 44555269 947960 7396119 162934 2824005 30378
rand insert 60000 1257887 45 41434729 1544 7271913 265 2246981 56
rand delete 60000 1723896 70 41139991 1574 6805507 262 2211945 54
asc insert 70000 139998 2 2659969 38 629995 9 2450035000 70000
asc delete 70000 2163689 64685 52976569 2069880 8792301 355764 3076504 32343
rand insert 70000 1491082 47 49156368 1570 8624784 273 2660434 58
rand delete 70000 2045857 66 48844998 1574 8076104 260 2655046 55
asc insert 70000 139998 2 2659969 38 629995 9 2450035000 70000
asc delete 70000 2161088 55443 52916214 1774136 8780389 304933 3471161 27723
rand insert 70000 1490958 47 49154411 1583 8623693 278 2682670 54
rand delete 70000 2047509 68 48882989 1636 8081478 264 2642575 54
asc insert 70000 139998 2 2659969 38 629995 9 2450035000 70000
asc delete 70000 2161088 55443 52916214 1774136 8780389 304933 3471161 27723
rand insert 70000 1490958 47 49154411 1583 8623693 278 2682670 54
rand delete 70000 2047509 68 48882989 1636 8081478 264 2642575 54
asc insert 70000 139998 2 2659969 38 629995 9 2450035000 70000
asc delete 70000 2161088 55443 52916214 1774136 8780389 304933 3471161 27723
rand insert 70000 1490958 47 49154411 1583 8623693 278 2682670 54
rand delete 70000 2047509 68 48882989 1636 8081478 264 2642575 54
asc insert 70000 139998 2 2659969 38 629995 9 2450035000 70000
asc delete 70000 2161088 55443 52916214 1774136 8780389 304933 3471161 27723
rand insert 70000 1490958 47 49154411 1583 8623693 278 2682670 54
rand delete 70000 2047509 68 48882989 1636 8081478 264 2642575 54
asc insert 70000 139998 2 2659969 38 629995 9 2450035000 70000
asc delete 70000 2161088 55443 52916214 1774136 8780389 304933 3471161 27723
rand insert 70000 1490958 47 49154411 1583 8623693 278 2682670 54
rand delete 70000 2047509 68 48882989 1636 8081478 264 2642575 54
asc insert 70000 139998 2 2659969 38 629995 9 2450035000 70000
asc delete 70000 2161515 62506 52944487 2000144 8785898 343779 3090007 31253
rand insert 70000 1491011 44 49158219 1508 8624548 260 2668800 55
rand delete 70000 2046500 71 48862303 1644 8080638 263 2636808 56
asc insert 70000 139998 2 2659969 38 629995 9 2450035000 70000
asc delete 70000 2161515 62506 52944487 2000144 8785898 343779 3090007 31253
rand insert 70000 1491011 44 49158219 1508 8624548 260 2668800 55
rand delete 70000 2046500 71 48862303 1644 8080638 263 2636808 56
asc insert 70000 139998 2 2659969 38 629995 9 2450035000 70000
asc delete 70000 2161515 62506 52944487 2000144 8785898 343779 3090007 31253
rand insert 70000 1491011 44 49158219 1508 8624548 260 2668800 55
rand delete 70000 2046500 71 48862303 1644 8080638 263 2636808 56
asc insert 70000 139998 2 2659969 38 629995 9 2450035000 70000
asc delete 70000 2161515 62506 52944487 2000144 8785898 343779 3090007 31253
rand insert 70000 1491011 44 49158219 1508 8624548 260 2668800 55
rand delete 70000 2046500 71 48862303 1644 8080638 263 2636808 56
asc insert 70000 139998 2 2659969 38 629995 9 2450035000 70000
asc delete 70000 2161515 62506 52944487 2000144 8785898 343779 3090007 31253
rand insert 70000 1491011 44 49158219 1508 8624548 260 2668800 55
rand delete 70000 2046500 71 48862303 1644 8080638 263 2636808 56
asc insert 70000 139998 2 2659969 38 629995 9 2450035000 70000
asc delete 70000 2165156 58652 53008344 1876818 8797878 322582 3272766 62551
rand insert 70000 1490121 47 49131506 1574 8619037 276 2663091 54
rand delete 70000 2046913 67 48885432 1595 8082437 267 2633301 53
asc insert 70000 139998 2 2659969 38 629995 9 2450035000 70000
asc delete 70000 2165156 58652 53008344 1876818 8797878 322582 3272766 62551
rand insert 70000 1490121 47 49131506 1574 8619037 276 2663091 54
rand delete 70000 2046913 67 48885432 1595 8082437 267 2633301 53
asc insert 70000 139998 2 2659969 38 629995 9 2450035000 70000
asc delete 70000 2165156 58652 53008344 1876818 8797878 322582 3272766 62551
rand insert 70000 1490121 47 49131506 1574 8619037 276 2663091 54
rand delete 70000 2046913 67 48885432 1595 8082437 267 2633301 53
asc insert 70000 139998 2 2659969 38 629995 9 2450035000 70000
asc delete 70000 2165156 58652 53008344 1876818 8797878 322582 3272766 62551
rand insert 70000 1490121 47 49131506 1574 8619037 276 2663091 54
rand delete 70000 2046913 67 48885432 1595 8082437 267 2633301 53
asc insert 70000 139998 2 2659969 38 629995 9 2450035000 70000
asc delete 70000 2165156 58652 53008344 1876818 8797878 322582 3272766 62551
rand insert 70000 1490121 47 49131506 1574 8619037 276 2663091 54
rand delete 70000 2046913 67 48885432 1595 8082437 267 2633301 53
asc insert 70000 139998 2 2659969 38 629995 9 2450035000 70000
asc delete 70000 2161335 38397 52903221 1228664 8778882 211180 3479848 31605
rand insert 70000 1491368 46 49167758 1547 8626440 270 2669306 58
rand delete 70000 2044855 66 48840890 1519 8075663 246 2636318 55
asc insert 70000 139998 2 2659969 38 629995 9 2450035000 70000
asc delete 70000 2161335 38397 52903221 1228664 8778882 211180 3479848 31605
rand insert 70000 1491368 46 49167758 1547 8626440 270 2669306 58
rand delete 70000 2044855 66 48840890 1519 8075663 246 2636318 55
asc insert 70000 139998 2 2659969 38 629995 9 2450035000 70000
asc delete 70000 2161335 38397 52903221 1228664 8778882 211180 3479848 31605
rand insert 70000 1491368 46 49167758 1547 8626440 270 2669306 58
rand delete 70000 2044855 66 48840890 1519 8075663 246 2636318 55
asc insert 70000 139998 2 2659969 38 629995 9 2450035000 70000
asc delete 70000 2161335 38397 52903221 1228664 8778882 211180 3479848 31605
rand insert 70000 1491368 46 49167758 1547 8626440 270 2669306 58
rand delete 70000 2044855 66 48840890 1519 8075663 246 2636318 55
asc insert 80000 159998 2 3039969 38 719995 9 3200040000 80000
asc delete 80000 2505790 66703 61375056 2134456 10181388 366863 3730173 33353
rand insert 80000 1725937 48 56950148 1660 9988058 284 3092831 56
rand delete 80000 2373113 67 56695458 1682 9370376 264 3052692 54
asc insert 80000 159998 2 3039969 38 719995 9 3200040000 80000
asc delete 80000 2505790 66703 61375056 2134456 10181388 366863 3730173 33353
rand insert 80000 1725937 48 56950148 1660 9988058 284 3092831 56
rand delete 80000 2373113 67 56695458 1682 9370376 264 3052692 54
asc insert 80000 159998 2 3039969 38 719995 9 3200040000 80000
asc delete 80000 2505790 66703 61375056 2134456 10181388 366863 3730173 33353
rand insert 80000 1725937 48 56950148 1660 9988058 284 3092831 56
rand delete 80000 2373113 67 56695458 1682 9370376 264 3052692 54
asc insert 80000 159998 2 3039969 38 719995 9 3200040000 80000
asc delete 80000 2505790 66703 61375056 2134456 10181388 366863 3730173 33353
rand insert 80000 1725937 48 56950148 1660 9988058 284 3092831 56
rand delete 80000 2373113 67 56695458 1682 9370376 264 3052692 54
asc insert 80000 159998 2 3039969 38 719995 9 3200040000 80000
asc delete 80000 2498944 29333 61143814 938625 10143268 161329 4676637 68954
rand insert 80000 1725189 45 56920374 1516 9983476 265 3089847 56
rand delete 80000 2370426 67 56654133 1587 9361840 257 3055525 55
asc insert 80000 159998 2 3039969 38 719995 9 3200040000 80000
asc delete 80000 2498944 29333 61143814 938625 10143268 161329 4676637 68954
rand insert 80000 1725189 45 56920374 1516 9983476 265 3089847 56
rand delete 80000 2370426 67 56654133 1587 9361840 257 3055525 55
asc insert 80000 159998 2 3039969 38 719995 9 3200040000 80000
asc delete 80000 2498944 29333 61143814 938625 10143268 161329 4676637 68954
rand insert 80000 1725189 45 56920374 1516 9983476 265 3089847 56
rand delete 80000 2370426 67 56654133 1587 9361840 257 3055525 55
asc insert 80000 159998 2 3039969 38 719995 9 3200040000 80000
asc delete 80000 2498944 29333 61143814 938625 10143268 161329 4676637 68954
rand insert 80000 1725189 45 56920374 1516 9983476 265 3089847 56
rand delete 80000 2370426 67 56654133 1587 9361840 257 3055525 55
asc insert 80000 159998 2 3039969 38 719995 9 3200040000 80000
asc delete 80000 2502802 37989 61281446 1215612 10164448 208936 3882656 66063
rand insert 80000 1727667 50 57006239 1691 9998183 296 3093518 54
rand delete 80000 2372345 72 56674545 1753 9366624 281 3056280 57
asc insert 80000 159998 2 3039969 38 719995 9 3200040000 80000
asc delete 80000 2502802 37989 61281446 1215612 10164448 208936 3882656 66063
rand insert 80000 1727667 50 57006239 1691 9998183 296 3093518 54
rand delete 80000 2372345 72 56674545 1753 9366624 281 3056280 57
asc insert 80000 159998 2 3039969 38 719995 9 3200040000 80000
asc delete 80000 2502802 37989 61281446 1215612 10164448 208936 3882656 66063
rand insert 80000 1727667 50 57006239 1691 9998183 296 3093518 54
rand delete 80000 2372345 72 56674545 1753 9366624 281 3056280 57
asc insert 80000 159998 2 3039969 38 719995 9 3200040000 80000
asc delete 80000 2502802 37989 61281446 1215612 10164448 208936 3882656 66063
rand insert 80000 1727667 50 57006239 1691 9998183 296 3093518 54
rand delete 80000 2372345 72 56674545 1753 9366624 281 3056280 57
asc insert 80000 159998 2 3039969 38 719995 9 3200040000 80000
asc delete 80000 2506405 69680 61375907 2229712 10180110 383236 3541393 34840
rand insert 80000 1726301 46 56963032 1554 9989712 271 3102534 56
rand delete 80000 2373843 68 56708251 1627 9371940 263 3058686 55
asc insert 80000 159998 2 3039969 38 719995 9 3200040000 80000
asc delete 80000 2506405 69680 61375907 2229712 10180110 383236 3541393 34840
rand insert 80000 1726301 46 56963032 1554 9989712 271 3102534 56
rand delete 80000 2373843 68 56708251 1627 9371940 263 3058686 55
asc insert 80000 159998 2 3039969 38 719995 9 3200040000 80000
asc delete 80000 2506405 69680 61375907 2229712 10180110 383236 3541393 34840
rand insert 80000 1726301 46 56963032 1554 9989712 271 3102534 56
rand delete 80000 2373843 68 56708251 1627 9371940 263 3058686 55
asc insert 80000 159998 2 3039969 38 719995 9 3200040000 80000
asc delete 80000 2506405 69680 61375907 2229712 10180110 383236 3541393 34840
rand insert 80000 1726301 46 56963032 1554 9989712 271 3102534 56
rand delete 80000 2373843 68 56708251 1627 9371940 263 3058686 55
asc insert 80000 159998 2 3039969 38 719995 9 3200040000 80000
asc delete 80000 2502191 69200 61245926 2214354 10159864 380596 3903050 76411
rand insert 80000 1727784 46 57019686 1557 9999132 272 3095687 55
rand delete 80000 2372767 67 56681133 1546 9368411 254 3061382 59
asc insert 80000 159998 2 3039969 38 719995 9 3200040000 80000
asc delete 80000 2502191 69200 61245926 2214354 10159864 380596 3903050 76411
rand insert 80000 1727784 46 57019686 1557 9999132 272 3095687 55
rand delete 80000 2372767 67 56681133 1546 9368411 254 3061382 59
asc insert 80000 159998 2 3039969 38 719995 9 3200040000 80000
asc delete 80000 2502191 69200 61245926 2214354 10159864 380596 3903050 76411
rand insert 80000 1727784 46 57019686 1557 9999132 272 3095687 55
rand delete 80000 2372767 67 56681133 1546 9368411 254 3061382 59
asc insert 80000 159998 2 3039969 38 719995 9 3200040000 80000
asc delete 80000 2502191 69200 61245926 2214354 10159864 380596 3903050 76411
rand insert 80000 1727784 46 57019686 1557 9999132 272 3095687 55
rand delete 80000 2372767 67 56681133 1546 9368411 254 3061382 59
asc insert 90000 179998 2 3419969 38 809995 9 4050045000 90000
asc delete 90000 2854894 52300 69890459 1673554 11590110 287646 4223172 62267
rand insert 90000 1963352 47 64827181 1603 11366465 278 3538202 62
rand delete 90000 2703684 74 64615349 1671 10676680 281 3488863 59
asc insert 90000 179998 2 3419969 38 809995 9 4050045000 90000
asc delete 90000 2854894 52300 69890459 1673554 11590110 287646 4223172 62267
rand insert 90000 1963352 47 64827181 1603 11366465 278 3538202 62
rand delete 90000 2703684 74 64615349 1671 10676680 281 3488863 59
asc insert 90000 179998 2 3419969 38 809995 9 4050045000 90000
asc delete 90000 2854894 52300 69890459 1673554 11590110 287646 4223172 62267
rand insert 90000 1963352 47 64827181 1603 11366465 278 3538202 62
rand delete 90000 2703684 74 64615349 1671 10676680 281 3488863 59
asc insert 90000 179998 2 3419969 38 809995 9 4050045000 90000
asc delete 90000 2850860 32044 69790010 1025362 11572291 176238 4629831 77732
rand insert 90000 1965488 48 64890135 1619 11378820 283 3543579 57
rand delete 90000 2703966 73 64628201 1753 10677306 280 3489750 58
asc insert 90000 179998 2 3419969 38 809995 9 4050045000 90000
asc delete 90000 2850860 32044 69790010 1025362 11572291 176238 4629831 77732
rand insert 90000 1965488 48 64890135 1619 11378820 283 3543579 57
rand delete 90000 2703966 73 64628201 1753 10677306 280 3489750 58
asc insert 90000 179998 2 3419969 38 809995 9 4050045000 90000
asc delete 90000 2850860 32044 69790010 1025362 11572291 176238 4629831 77732
rand insert 90000 1965488 48 64890135 1619 11378820 283 3543579 57
rand delete 90000 2703966 73 64628201 1753 10677306 280 3489750 58
asc insert 90000 179998 2 3419969 38 809995 9 4050045000 90000
asc delete 90000 2850860 32044 69790010 1025362 11572291 176238 4629831 77732
rand insert 90000 1965488 48 64890135 1619 11378820 283 3543579 57
rand delete 90000 2703966 73 64628201 1753 10677306 280 3489750 58
asc insert 90000 179998 2 3419969 38 809995 9 4050045000 90000
asc delete 90000 2852555 43794 69871329 1401365 11585177 240864 4522639 48513
rand insert 90000 1964608 46 64867413 1549 11374070 271 3521378 58
rand delete 90000 2701925 67 64603061 1554 10672000 257 3501333 60
asc insert 90000 179998 2 3419969 38 809995 9 4050045000 90000
asc delete 90000 2852555 43794 69871329 1401365 11585177 240864 4522639 48513
rand insert 90000 1964608 46 64867413 1549 11374070 271 3521378 58
rand delete 90000 2701925 67 64603061 1554 10672000 257 3501333 60
asc insert 90000 179998 2 3419969 38 809995 9 4050045000 90000
asc delete 90000 2852555 43794 69871329 1401365 11585177 240864 4522639 48513
rand insert 90000 1964608 46 64867413 1549 11374070 271 3521378 58
rand delete 90000 2701925 67 64603061 1554 10672000 257 3501333 60
asc insert 90000 179998 2 3419969 38 809995 9 4050045000 90000
asc delete 90000 2852555 43794 69871329 1401365 11585177 240864 4522639 48513
rand insert 90000 1964608 46 64867413 1549 11374070 271 3521378 58
rand delete 90000 2701925 67 64603061 1554 10672000 257 3501333 60
asc insert 90000 179998 2 3419969 38 809995 9 4050045000 90000
asc delete 90000 2848528 32487 69744510 1039551 11564548 178676 4660722 65812
rand insert 90000 1964833 46 64873804 1590 11375363 271 3528868 55
rand delete 90000 2701741 68 64579556 1669 10669786 268 3497969 58
asc insert 90000 179998 2 3419969 38 809995 9 4050045000 90000
asc delete 90000 2848528 32487 69744510 1039551 11564548 178676 4660722 65812
rand insert 90000 1964833 46 64873804 1590 11375363 271 3528868 55
rand delete 90000 2701741 68 64579556 1669 10669786 268 3497969 58
asc insert 90000 179998 2 3419969 38 809995 9 4050045000 90000
asc delete 90000 2848528 32487 69744510 1039551 11564548 178676 4660722 65812
rand insert 90000 1964833 46 64873804 1590 11375363 271 3528868 55
rand delete 90000 2701741 68 64579556 1669 10669786 268 3497969 58
asc insert 90000 179998 2 3419969 38 809995 9 4050045000 90000
asc delete 90000 2854299 75713 69883487 2422776 11588776 416418 4148435 37859
rand insert 90000 1965752 51 64903643 1729 11380455 301 3545806 57
rand delete 90000 2701668 67 64598678 1609 10671179 258 3485492 56
asc insert 90000 179998 2 3419969 38 809995 9 4050045000 90000
asc delete 90000 2854299 75713 69883487 2422776 11588776 416418 4148435 37859
rand insert 90000 1965752 51 64903643 1729 11380455 301 3545806 57
rand delete 90000 2701668 67 64598678 1609 10671179 258 3485492 56
asc insert 90000 179998 2 3419969 38 809995 9 4050045000 90000
asc delete 90000 2854299 75713 69883487 2422776 11588776 416418 4148435 37859
rand insert 90000 1965752 51 64903643 1729 11380455 301 3545806 57
rand delete 90000 2701668 67 64598678 1609 10671179 258 3485492 56
asc insert 90000 179998 2 3419969 38 809995 9 4050045000 90000
asc delete 90000 2854299 75713 69883487 2422776 11588776 416418 4148435 37859
rand insert 90000 1965752 51 64903643 1729 11380455 301 3545806 57
rand delete 90000 2701668 67 64598678 1609 10671179 258 3485492 56
asc insert 90000 179998 2 3419969 38 809995 9 4050045000 90000
asc delete 90000 2850597 32561 69812604 1041919 11576669 179083 4269397 65033
rand insert 90000 1965110 46 64887660 1558 11377093 272 3530203 56
rand delete 90000 2703636 69 64592542 1616 10672013 257 3498397 54
asc insert 90000 179998 2 3419969 38 809995 9 4050045000 90000
asc delete 90000 2850597 32561 69812604 1041919 11576669 179083 4269397 65033
rand insert 90000 1965110 46 64887660 1558 11377093 272 3530203 56
rand delete 90000 2703636 69 64592542 1616 10672013 257 3498397 54
asc insert 100000 199998 2 3799969 38 899995 9 5000050000 100000
asc delete 100000 3199535 51121 78373568 1635832 12991699 281162 4805857 48882
rand insert 100000 2205573 50 72874752 1738 12774020 294 3979880 57
rand delete 100000 3034698 67 72578144 1617 11988009 260 3934490 59
asc insert 100000 199998 2 3799969 38 899995 9 5000050000 100000
asc delete 100000 3199535 51121 78373568 1635832 12991699 281162 4805857 48882
rand insert 100000 2205573 50 72874752 1738 12774020 294 3979880 57
rand delete 100000 3034698 67 72578144 1617 11988009 260 3934490 59
asc insert 100000 199998 2 3799969 38 899995 9 5000050000 100000
asc delete 100000 3202706 70725 78447325 2263160 13002271 388984 4557602 35363
rand insert 100000 2206113 47 72872789 1575 12776763 278 3974125 56
rand delete 100000 3031760 72 72508883 1606 11977363 269 3920856 56
asc insert 100000 199998 2 3799969 38 899995 9 5000050000 100000
asc delete 100000 3202706 70725 78447325 2263160 13002271 388984 4557602 35363
rand insert 100000 2206113 47 72872789 1575 12776763 278 3974125 56
rand delete 100000 3031760 72 72508883 1606 11977363 269 3920856 56
asc insert 100000 199998 2 3799969 38 899995 9 5000050000 100000
asc delete 100000 3202706 70725 78447325 2263160 13002271 388984 4557602 35363
rand insert 100000 2206113 47 72872789 1575 12776763 278 3974125 56
rand delete 100000 3031760 72 72508883 1606 11977363 269 3920856 56
asc insert 100000 199998 2 3799969 38 899995 9 5000050000 100000
asc delete 100000 3204834 93451 78535295 2990392 13018290 513977 4517577 46726
rand insert 100000 2203706 49 72802300 1657 12762880 289 3975851 61
rand delete 100000 3035269 73 72594425 1751 11989091 275 3916011 56
asc insert 100000 199998 2 3799969 38 899995 9 5000050000 100000
asc delete 100000 3204834 93451 78535295 2990392 13018290 513977 4517577 46726
rand insert 100000 2203706 49 72802300 1657 12762880 289 3975851 61
rand delete 100000 3035269 73 72594425 1751 11989091 275 3916011 56
asc insert 100000 199998 2 3799969 38 899995 9 5000050000 100000
asc delete 100000 3204834 93451 78535295 2990392 13018290 513977 4517577 46726
rand insert 100000 2203706 49 72802300 1657 12762880 289 3975851 61
rand delete 100000 3035269 73 72594425 1751 11989091 275 3916011 56
asc insert 100000 199998 2 3799969 38 899995 9 5000050000 100000
asc delete 100000 3201023 90210 78442424 2886672 13004702 496151 4323853 45105
rand insert 100000 2203978 54 72805523 1822 12764202 318 3972632 57
rand delete 100000 3035325 70 72577391 1581 11987730 258 3914667 56
asc insert 100000 199998 2 3799969 38 899995 9 5000050000 100000
asc delete 100000 3201023 90210 78442424 2886672 13004702 496151 4323853 45105
rand insert 100000 2203978 54 72805523 1822 12764202 318 3972632 57
rand delete 100000 3035325 70 72577391 1581 11987730 258 3914667 56
asc insert 100000 199998 2 3799969 38 899995 9 5000050000 100000
asc delete 100000 3201023 90210 78442424 2886672 13004702 496151 4323853 45105
rand insert 100000 2203978 54 72805523 1822 12764202 318 3972632 57
rand delete 100000 3035325 70 72577391 1581 11987730 258 3914667 56
asc insert 100000 199998 2 3799969 38 899995 9 5000050000 100000
asc delete 100000 3200628 30915 78363535 989242 12990826 170029 5155913 87116
rand insert 100000 2204641 49 72825132 1639 12768357 288 3963494 61
rand delete 100000 3036680 70 72625241 1615 11995579 259 3921668 59
asc insert 100000 199998 2 3799969 38 899995 9 5000050000 100000
asc delete 100000 3200628 30915 78363535 989242 12990826 170029 5155913 87116
rand insert 100000 2204641 49 72825132 1639 12768357 288 3963494 61
rand delete 100000 3036680 70 72625241 1615 11995579 259 3921668 59
asc insert 100000 199998 2 3799969 38 899995 9 5000050000 100000
asc delete 100000 3200628 30915 78363535 989242 12990826 170029 5155913 87116
rand insert 100000 2204641 49 72825132 1639 12768357 288 3963494 61
rand delete 100000 3036680 70 72625241 1615 11995579 259 3921668 59
asc insert 100000 199998 2 3799969 38 899995 9 5000050000 100000
asc delete 100000 3202839 87326 78463270 2794384 13006137 480289 4898244 43663
rand insert 100000 2204935 50 72843186 1681 12769776 295 3983586 57
rand delete 100000 3035765 70 72590588 1643 11990066 267 3921159 56
asc insert 100000 199998 2 3799969 38 899995 9 5000050000 100000
asc delete 100000 3202839 87326 78463270 2794384 13006137 480289 4898244 43663
rand insert 100000 2204935 50 72843186 1681 12769776 295 3983586 57
rand delete 100000 3035765 70 72590588 1643 11990066 267 3921159 56
asc insert 100000 199998 2 3799969 38 899995 9 5000050000 100000
asc delete 100000 3202839 87326 78463270 2794384 13006137 480289 4898244 43663
rand insert 100000 2204935 50 72843186 1681 12769776 295 3983586 57
rand delete 100000 3035765 70 72590588 1643 11990066 267 3921159 56
asc insert 100000 199998 2 3799969 38 899995 9 5000050000 100000
asc delete 100000 3202720 61753 78441576 1976056 13003179 339638 4710602 38251
rand insert 100000 2205413 52 72868655 1734 12772716 307 3971575 58
rand delete 100000 3038612 76 72643567 1730 11998691 288 3930070 56
asc insert 100000 199998 2 3799969 38 899995 9 5000050000 100000
asc delete 100000 3202720 61753 78441576 1976056 13003179 339638 4710602 38251
rand insert 100000 2205413 52 72868655 1734 12772716 307 3971575 58
rand delete 100000 3038612 76 72643567 1730 11998691 288 3930070 56
asc insert 100000 199998 2 3799969 38 899995 9 5000050000 100000
asc delete 100000 3202720 61753 78441576 1976056 13003179 339638 4710602 38251
rand insert 100000 2205413 52 72868655 1734 12772716 307 3971575 58
rand delete 100000 3038612 76 72643567 1730 11998691 288 3930070 56
