rand insert 10000 14 19 99 243 7 16 16 18
rand delete 10000 19 31 58 79 1 3 17 18
rand insert 10000 13 18 95 231 7 16 15 17
rand delete 10000 18 30 55 75 1 3 16 17
rand insert 10000 14 19 100 243 7 16 16 19
rand delete 10000 19 31 57 79 1 3 17 19
rand insert 10000 13 17 92 219 7 16 14 16
rand delete 10000 18 29 53 71 1 3 15 16
rand insert 10000 13 18 94 231 7 16 15 17
rand delete 10000 18 30 54 74 1 3 16 17
rand insert 10000 13 17 93 219 7 16 14 16
rand delete 10000 18 29 53 71 1 3 15 16
rand insert 10000 14 19 100 241 7 16 16 18
rand delete 10000 19 30 58 79 1 3 17 18
rand insert 10000 13 18 96 231 7 16 15 17
rand delete 10000 19 31 55 75 1 3 16 17
rand insert 10000 14 19 98 243 7 16 16 18
rand delete 10000 19 31 57 78 1 3 17 18
rand insert 10000 13 17 92 219 7 16 14 16
rand delete 10000 18 29 53 71 1 3 15 16
rand insert 10000 14 19 99 243 7 16 16 18
rand delete 10000 19 29 57 79 1 3 17 18
rand insert 10000 13 17 93 219 7 16 14 16
rand delete 10000 18 30 53 71 1 3 15 16
rand insert 10000 13 18 93 219 7 16 15 17
rand delete 10000 18 29 53 74 1 3 16 17
rand insert 10000 13 17 93 219 7 16 14 17
rand delete 10000 18 29 53 71 1 3 15 17
rand insert 10000 13 17 93 219 7 16 14 16
rand delete 10000 18 29 53 71 1 3 15 16
rand insert 10000 13 19 96 243 7 16 15 18
rand delete 10000 19 30 56 78 1 3 17 18
rand insert 10000 14 19 100 241 7 16 16 18
rand delete 10000 19 31 58 78 1 3 17 18
rand insert 10000 13 18 96 231 7 16 15 17
rand delete 10000 19 30 55 74 1 3 16 17
rand insert 10000 13 18 93 219 7 16 14 17
rand delete 10000 18 30 53 74 1 3 16 17
rand insert 10000 13 17 93 219 7 16 15 17
rand delete 10000 18 28 53 74 1 3 15 17
rand insert 20000 14 18 99 231 7 16 15 17
rand delete 20000 20 30 57 75 1 3 16 17
rand insert 20000 14 20 102 255 7 16 17 19
rand delete 20000 20 34 59 83 1 3 18 19
rand insert 20000 14 20 99 255 7 16 16 19
rand delete 20000 20 31 58 83 1 3 18 19
rand insert 20000 15 20 105 255 7 16 17 19
rand delete 20000 21 32 61 82 1 3 18 19
rand insert 20000 14 19 103 243 7 16 16 19
rand delete 20000 21 33 60 82 1 3 17 19
rand insert 20000 14 19 99 231 7 16 15 18
rand delete 20000 20 32 57 78 1 3 16 18
rand insert 20000 14 19 100 243 7 16 16 18
rand delete 20000 20 31 58 79 1 3 17 18
rand insert 20000 14 19 98 241 7 16 15 18
rand delete 20000 20 30 57 75 1 3 17 18
rand insert 20000 15 21 106 267 7 16 17 20
rand delete 20000 22 34 64 87 1 3 19 20
rand insert 20000 14 19 101 243 7 16 16 18
rand delete 20000 20 32 58 79 1 3 17 18
rand insert 20000 15 20 110 255 7 16 17 20
rand delete 20000 22 33 65 85 1 3 19 20
rand insert 20000 14 19 100 241 7 16 16 18
rand delete 20000 20 31 57 77 1 3 17 18
rand insert 20000 14 18 99 231 7 16 15 18
rand delete 20000 20 31 57 75 1 3 16 18
rand insert 20000 14 19 101 243 7 16 16 18
rand delete 20000 20 31 58 78 1 3 17 18
rand insert 20000 14 19 100 243 7 16 16 18
rand delete 20000 20 32 58 79 1 3 17 18
rand insert 20000 15 20 105 255 7 16 17 19
rand delete 20000 20 33 60 83 1 3 18 19
rand insert 20000 14 19 101 243 7 16 16 18
rand delete 20000 20 31 59 79 1 3 17 18
rand insert 20000 14 18 99 231 7 16 15 17
rand delete 20000 19 30 57 75 1 3 16 17
rand insert 20000 14 19 101 243 7 16 16 18
rand delete 20000 20 33 58 79 1 3 17 18
rand insert 20000 14 18 99 231 7 16 15 17
rand delete 20000 20 32 57 75 1 3 16 17
rand insert 30000 16 22 115 279 7 16 18 21
rand delete 30000 23 35 69 91 1 3 20 21
rand insert 30000 15 20 108 255 7 16 18 20
rand delete 30000 21 34 63 83 1 3 18 20
rand insert 30000 14 19 103 243 7 16 16 19
rand delete 30000 21 33 59 79 1 3 17 19
rand insert 30000 15 20 105 255 7 16 17 19
rand delete 30000 21 34 61 83 1 3 18 19
rand insert 30000 14 20 103 255 7 16 16 19
rand delete 30000 21 33 60 83 1 3 18 19
rand insert 30000 15 21 107 267 7 16 17 20
rand delete 30000 21 35 62 87 1 3 19 20
rand insert 30000 15 20 104 243 7 16 16 19
rand delete 30000 21 32 60 79 1 3 18 19
rand insert 30000 14 19 102 243 7 16 16 18
rand delete 30000 21 32 59 79 1 3 17 18
rand insert 30000 15 20 108 255 7 16 17 20
rand delete 30000 21 34 62 83 1 3 18 20
rand insert 30000 14 20 103 255 7 16 17 19
rand delete 30000 21 32 60 82 1 3 18 19
rand insert 30000 14 19 102 241 7 16 16 18
rand delete 30000 21 33 59 79 1 3 17 18
rand insert 30000 15 20 106 255 7 16 17 19
rand delete 30000 21 34 62 83 1 3 18 19
rand insert 30000 14 20 103 243 7 16 16 19
rand delete 30000 21 32 60 83 1 3 18 19
rand insert 30000 16 21 115 267 7 16 18 21
rand delete 30000 23 35 69 90 1 3 20 21
rand insert 30000 14 19 103 243 7 16 16 18
rand delete 30000 21 32 59 79 1 3 17 18
rand insert 30000 14 19 103 243 7 16 16 18
rand delete 30000 21 33 59 78 1 3 17 18
rand insert 30000 15 20 107 255 7 16 18 20
rand delete 30000 21 33 62 86 1 3 19 20
rand insert 30000 14 19 103 243 7 16 17 19
rand delete 30000 21 34 60 81 1 3 18 19
rand insert 30000 14 19 104 243 7 16 16 19
rand delete 30000 21 32 60 79 1 3 17 19
rand insert 30000 15 21 109 267 7 16 18 20
rand delete 30000 21 34 63 86 1 3 19 20
rand insert 40000 15 20 105 255 7 16 17 19
rand delete 40000 21 34 61 82 1 3 18 19
rand insert 40000 16 21 111 267 7 16 18 20
rand delete 40000 22 35 65 87 1 3 19 20
rand insert 40000 17 23 118 291 7 16 19 22
rand delete 40000 24 38 71 95 1 3 21 22
rand insert 40000 15 20 106 255 7 16 17 19
rand delete 40000 21 34 62 83 1 3 18 19
rand insert 40000 15 19 105 243 7 16 16 18
rand delete 40000 21 34 61 79 1 3 17 18
rand insert 40000 15 20 106 255 7 16 17 19
rand delete 40000 21 35 61 83 1 3 18 19
rand insert 40000 15 20 105 243 7 16 17 19
rand delete 40000 21 34 61 83 1 3 18 19
rand insert 40000 15 21 109 255 7 16 17 20
rand delete 40000 22 36 63 86 1 3 19 20
rand insert 40000 16 21 115 267 7 16 19 21
rand delete 40000 23 35 67 89 1 3 19 21
rand insert 40000 15 19 105 243 7 16 16 18
rand delete 40000 21 33 61 79 1 3 17 18
rand insert 40000 15 21 107 267 7 16 17 20
rand delete 40000 21 35 63 87 1 3 19 20
rand insert 40000 15 20 105 255 7 16 16 19
rand delete 40000 21 33 61 79 1 3 18 19
rand insert 40000 16 22 115 277 7 16 19 21
rand delete 40000 23 36 67 90 1 3 20 21
rand insert 40000 15 20 107 255 7 16 17 19
rand delete 40000 21 34 62 83 1 3 18 19
rand insert 40000 16 21 111 267 7 16 18 20
rand delete 40000 22 37 65 87 1 3 19 20
rand insert 40000 15 21 107 265 7 16 17 20
rand delete 40000 21 35 62 86 1 3 19 20
rand insert 40000 15 20 106 255 7 16 17 19
rand delete 40000 21 34 62 83 1 3 18 19
rand insert 40000 15 22 109 279 7 16 19 21
rand delete 40000 22 34 65 91 1 3 20 21
rand insert 40000 15 21 108 255 7 16 18 20
rand delete 40000 21 35 63 87 1 3 19 20
rand insert 40000 15 21 109 267 7 16 18 20
rand delete 40000 22 36 63 87 1 3 19 20
rand insert 50000 15 21 110 267 7 16 18 20
rand delete 50000 22 36 63 87 1 3 19 20
rand insert 50000 16 21 112 265 7 16 18 20
rand delete 50000 22 36 65 86 1 3 19 20
rand insert 50000 15 21 109 265 7 16 18 20
rand delete 50000 22 35 63 87 1 3 19 20
rand insert 50000 15 21 109 267 7 16 18 20
rand delete 50000 22 34 64 87 1 3 19 20
rand insert 50000 15 21 109 267 7 16 18 20
rand delete 50000 22 35 63 86 1 3 18 20
rand insert 50000 15 22 110 277 7 16 18 21
rand delete 50000 22 36 64 90 1 3 19 21
rand insert 50000 15 21 110 267 7 16 18 20
rand delete 50000 22 35 64 87 1 3 19 20
rand insert 50000 15 20 110 255 7 16 18 20
rand delete 50000 22 35 64 87 1 3 19 20
rand insert 50000 15 21 108 265 7 16 18 20
rand delete 50000 22 34 63 86 1 3 19 20
rand insert 50000 15 20 107 255 7 16 17 19
rand delete 50000 22 34 62 83 1 3 18 19
rand insert 50000 16 22 114 279 7 16 19 22
rand delete 50000 23 36 67 94 1 3 20 22
rand insert 50000 16 21 112 267 7 16 18 20
rand delete 50000 22 34 65 86 1 3 19 20
rand insert 50000 15 20 110 255 7 16 18 20
rand delete 50000 22 36 64 86 1 3 18 20
rand insert 50000 15 20 107 255 7 16 17 19
rand delete 50000 22 35 62 83 1 3 18 19
rand insert 50000 15 20 107 255 7 16 17 19
rand delete 50000 22 35 62 82 1 3 18 19
rand insert 50000 15 20 107 255 7 16 17 19
rand delete 50000 22 35 62 82 1 3 18 19
rand insert 50000 15 20 108 255 7 16 17 19
rand delete 50000 22 34 62 83 1 3 18 19
rand insert 50000 15 20 107 255 7 16 17 19
rand delete 50000 22 37 62 83 1 3 18 19
rand insert 50000 15 20 109 255 7 16 17 20
rand delete 50000 22 35 63 83 1 3 18 20
rand insert 50000 15 20 108 255 7 16 17 20
rand delete 50000 22 35 63 83 1 3 18 20
rand insert 60000 15 21 110 255 7 16 18 20
rand delete 60000 22 35 64 86 1 3 19 20
rand insert 60000 17 22 121 279 7 16 19 21
rand delete 60000 24 36 71 91 1 3 20 21
rand insert 60000 15 20 110 255 7 16 18 20
rand delete 60000 22 35 64 85 1 3 19 20
rand insert 60000 16 21 112 267 7 16 18 20
rand delete 60000 22 36 65 87 1 3 19 20
rand insert 60000 16 21 111 267 7 16 18 20
rand delete 60000 23 34 65 87 1 3 19 20
rand insert 60000 17 21 117 267 7 16 19 21
rand delete 60000 23 36 68 90 1 3 19 21
rand insert 60000 16 22 112 267 7 16 18 21
rand delete 60000 22 36 65 90 1 3 20 21
rand insert 60000 16 21 111 267 7 16 18 20
rand delete 60000 22 34 64 87 1 3 19 20
rand insert 60000 15 20 109 255 7 16 17 20
rand delete 60000 22 34 63 85 1 3 18 20
rand insert 60000 15 21 110 267 7 16 18 20
rand delete 60000 22 35 64 87 1 3 19 20
rand insert 60000 18 24 127 303 7 16 21 23
rand delete 60000 25 38 75 99 1 3 22 23
rand insert 60000 16 22 116 279 7 16 19 22
rand delete 60000 23 36 68 91 1 3 20 22
rand insert 60000 15 20 109 255 7 16 17 20
rand delete 60000 22 36 63 86 1 3 19 20
rand insert 60000 15 20 109 255 7 16 17 19
rand delete 60000 22 36 63 83 1 3 18 19
rand insert 60000 15 20 109 255 7 16 17 19
rand delete 60000 22 35 63 83 1 3 18 19
rand insert 60000 15 21 109 255 7 16 17 20
rand delete 60000 22 34 64 86 1 3 19 20
rand insert 60000 16 21 112 267 7 16 18 20
rand delete 60000 22 35 65 87 1 3 19 20
rand insert 60000 15 20 109 255 7 16 17 19
rand delete 60000 22 35 63 83 1 3 18 19
rand insert 60000 16 21 111 267 7 16 18 20
rand delete 60000 22 36 65 87 1 3 19 20
rand insert 60000 16 22 113 279 7 16 19 21
rand delete 60000 23 36 66 91 1 3 20 21
rand insert 70000 15 20 110 255 7 16 17 20
rand delete 70000 22 35 64 83 1 3 18 20
rand insert 70000 16 21 112 267 7 16 18 20
rand delete 70000 23 36 65 87 1 3 19 20
rand insert 70000 16 23 116 279 7 16 19 22
rand delete 70000 23 38 68 94 1 3 20 22
rand insert 70000 16 22 113 277 7 16 19 21
rand delete 70000 23 36 66 91 1 3 20 21
rand insert 70000 16 21 111 255 7 16 18 20
rand delete 70000 23 36 64 86 1 3 19 20
rand insert 70000 16 21 112 267 7 16 18 20
rand delete 70000 22 36 65 87 1 3 19 20
rand insert 70000 16 22 115 279 7 16 19 21
rand delete 70000 23 36 67 91 1 3 20 21
rand insert 70000 16 21 115 267 7 16 18 20
rand delete 70000 23 36 67 87 1 3 19 20
rand insert 70000 16 22 114 279 7 16 19 21
rand delete 70000 23 36 66 90 1 3 20 21
rand insert 70000 16 20 110 255 7 16 17 20
rand delete 70000 22 36 64 86 1 3 18 20
rand insert 70000 17 22 116 279 7 16 19 21
rand delete 70000 23 37 68 91 1 3 20 21
rand insert 70000 15 20 110 255 7 16 17 20
rand delete 70000 22 35 64 83 1 3 18 20
rand insert 70000 16 21 112 267 7 16 19 21
rand delete 70000 23 36 65 87 1 3 19 21
rand insert 70000 16 22 112 279 7 16 19 21
rand delete 70000 23 36 66 89 1 3 19 21
rand insert 70000 16 22 112 277 7 16 18 21
rand delete 70000 23 36 66 90 1 3 20 21
rand insert 70000 16 21 111 265 7 16 18 20
rand delete 70000 23 36 64 86 1 3 19 20
rand insert 70000 16 22 116 279 7 16 19 22
rand delete 70000 23 37 68 93 1 3 21 22
rand insert 70000 17 23 119 291 7 16 20 22
rand delete 70000 23 38 70 95 1 3 21 22
rand insert 70000 18 24 125 303 7 16 21 23
rand delete 70000 25 39 74 99 1 3 22 23
rand insert 70000 16 21 112 267 7 16 18 20
rand delete 70000 23 38 65 87 1 3 19 20
rand insert 80000 17 22 118 279 7 16 19 22
rand delete 80000 24 38 69 94 1 3 20 22
rand insert 80000 16 21 112 267 7 16 18 20
rand delete 80000 23 37 65 87 1 3 19 20
rand insert 80000 16 22 113 279 7 16 18 21
rand delete 80000 23 37 66 90 1 3 20 21
rand insert 80000 17 22 117 279 7 16 19 22
rand delete 80000 23 38 68 94 1 3 21 22
rand insert 80000 16 22 115 279 7 16 19 21
rand delete 80000 23 38 67 91 1 3 20 21
rand insert 80000 17 22 117 279 7 16 20 22
rand delete 80000 23 36 69 94 1 3 21 22
rand insert 80000 16 21 111 265 7 16 17 20
rand delete 80000 23 35 65 86 1 3 19 20
rand insert 80000 17 23 117 291 7 16 20 22
rand delete 80000 23 36 69 95 1 3 21 22
rand insert 80000 16 21 113 267 7 16 18 20
rand delete 80000 23 36 66 87 1 3 19 20
rand insert 80000 16 22 113 267 7 16 18 21
rand delete 80000 23 36 66 90 1 3 20 21
rand insert 80000 16 21 112 267 7 16 18 20
rand delete 80000 23 36 65 87 1 3 19 20
rand insert 80000 16 22 115 279 7 16 19 21
rand delete 80000 23 36 67 87 1 3 20 21
rand insert 80000 17 22 120 279 7 16 19 21
rand delete 80000 24 36 70 91 1 3 20 21
rand insert 80000 16 21 113 267 7 16 18 20
rand delete 80000 23 35 66 87 1 3 19 20
rand insert 80000 17 22 117 279 7 16 19 21
rand delete 80000 23 36 67 91 1 3 20 21
rand insert 80000 17 22 121 279 7 16 19 22
rand delete 80000 24 37 70 94 1 3 20 22
rand insert 80000 16 20 111 255 7 16 18 20
rand delete 80000 23 37 65 86 1 3 19 20
rand insert 80000 16 20 111 255 7 16 17 19
rand delete 80000 23 36 65 83 1 3 18 19
rand insert 80000 16 22 116 279 7 16 19 21
rand delete 80000 23 39 68 91 1 3 20 21
rand insert 80000 16 21 112 265 7 16 18 20
rand delete 80000 23 37 65 87 1 3 19 20
rand insert 90000 16 22 113 267 7 16 18 21
rand delete 90000 23 36 66 87 1 3 19 21
rand insert 90000 16 21 113 267 7 16 18 20
rand delete 90000 23 36 66 87 1 3 19 20
rand insert 90000 16 22 114 279 7 16 19 21
rand delete 90000 23 37 66 90 1 3 20 21
rand insert 90000 16 22 113 279 7 16 19 21
rand delete 90000 23 36 66 90 1 3 19 21
rand insert 90000 16 22 115 279 7 16 19 21
rand delete 90000 23 37 68 91 1 3 20 21
rand insert 90000 16 22 116 267 7 16 19 21
rand delete 90000 23 38 68 90 1 3 20 21
rand insert 90000 17 23 122 291 7 16 20 23
rand delete 90000 24 37 71 95 1 3 22 23
rand insert 90000 16 22 114 279 7 16 18 21
rand delete 90000 23 37 66 89 1 3 20 21
rand insert 90000 16 21 112 267 7 16 18 20
rand delete 90000 23 36 65 86 1 3 19 20
rand insert 90000 16 21 112 267 7 16 18 20
rand delete 90000 23 36 66 87 1 3 19 20
rand insert 90000 17 23 120 289 7 16 20 22
rand delete 90000 24 39 70 94 1 3 21 22
rand insert 90000 16 21 115 267 7 16 19 21
rand delete 90000 23 36 67 90 1 3 20 21
rand insert 90000 16 21 114 267 7 16 18 21
rand delete 90000 23 36 66 89 1 3 19 21
rand insert 90000 16 22 114 279 7 16 19 21
rand delete 90000 23 36 67 91 1 3 20 21
rand insert 90000 16 23 115 289 7 16 19 22
rand delete 90000 24 36 69 94 1 3 21 22
rand insert 90000 16 21 114 267 7 16 19 21
rand delete 90000 23 35 66 90 1 3 20 21
rand insert 90000 16 22 115 279 7 16 19 21
rand delete 90000 24 39 67 90 1 3 20 21
rand insert 90000 16 21 113 267 7 16 18 20
rand delete 90000 23 35 66 87 1 3 19 20
rand insert 90000 16 22 114 279 7 16 19 21
rand delete 90000 23 36 67 90 1 3 20 21
rand insert 90000 17 22 118 279 7 16 19 21
rand delete 90000 24 39 69 91 1 3 20 21
rand insert 100000 16 21 113 267 7 16 18 20
rand delete 100000 23 37 66 87 1 3 19 20
rand insert 100000 17 22 117 279 7 16 19 22
rand delete 100000 24 39 68 91 1 3 20 22
rand insert 100000 17 22 119 279 7 16 19 21
rand delete 100000 24 38 69 91 1 3 20 21
rand insert 100000 16 22 115 279 7 16 19 21
rand delete 100000 23 36 66 89 1 3 19 21
rand insert 100000 16 21 114 267 7 16 18 20
rand delete 100000 23 36 66 87 1 3 19 20
rand insert 100000 16 22 116 279 7 16 19 22
rand delete 100000 23 37 67 91 1 3 20 22
rand insert 100000 16 21 113 267 7 16 18 20
rand delete 100000 23 37 66 87 1 3 19 20
rand insert 100000 18 23 125 291 7 16 20 22
rand delete 100000 25 38 73 95 1 3 21 22
rand insert 100000 18 23 128 291 7 16 20 23
rand delete 100000 25 38 75 95 1 3 21 23
rand insert 100000 17 23 121 291 7 16 20 22
rand delete 100000 24 37 71 95 1 3 21 22
rand insert 100000 16 21 114 267 7 16 18 20
rand delete 100000 24 37 66 87 1 3 19 20
rand insert 100000 16 22 116 279 7 16 19 21
rand delete 100000 23 36 67 91 1 3 20 21
rand insert 100000 18 24 123 301 7 16 21 23
rand delete 100000 24 38 72 97 1 3 21 23
rand insert 100000 16 21 114 267 7 16 18 21
rand delete 100000 23 38 67 88 1 3 19 21
rand insert 100000 16 22 115 279 7 16 19 21
rand delete 100000 23 37 67 91 1 3 20 21
rand insert 100000 16 22 114 279 7 16 18 21
rand delete 100000 23 37 66 91 1 3 20 21
rand insert 100000 17 22 119 279 7 16 19 21
rand delete 100000 24 38 69 91 1 3 20 21
rand insert 100000 17 22 117 277 7 16 19 21
rand delete 100000 24 36 68 90 1 3 20 21
rand insert 100000 17 22 117 279 7 16 19 21
rand delete 100000 24 37 68 91 1 3 20 21
rand insert 100000 16 22 115 279 7 16 19 21
rand delete 100000 23 37 67 91 1 3 20 21
asc insert 10000 22 25 23 87 9 10 1 1
asc delete 10000 20 46 6 10 1 3 0 1
asc insert 10000 22 25 23 87 9 10 1 1
asc delete 10000 20 48 6 10 1 3 0 1
asc insert 10000 22 25 23 87 9 10 1 1
asc delete 10000 20 46 6 10 1 3 0 1
asc insert 10000 22 25 23 87 9 10 1 1
asc delete 10000 20 47 6 10 1 3 0 1
asc insert 10000 22 25 23 87 9 10 1 1
asc delete 10000 20 48 6 10 1 3 0 1
asc insert 10000 22 25 23 87 9 10 1 1
asc delete 10000 20 47 6 10 1 3 0 1
asc insert 10000 22 25 23 87 9 10 1 1
asc delete 10000 20 46 6 10 1 3 0 1
asc insert 10000 22 25 23 87 9 10 1 1
asc delete 10000 20 46 6 10 1 3 0 1
asc insert 10000 22 25 23 87 9 10 1 1
asc delete 10000 20 46 6 10 1 3 0 1
asc insert 10000 22 25 23 87 9 10 1 1
asc delete 10000 20 48 6 10 1 3 0 1
asc insert 10000 22 25 23 87 9 10 1 1
asc delete 10000 20 48 6 10 1 3 0 1
asc insert 10000 22 25 23 87 9 10 1 1
asc delete 10000 20 48 6 10 1 3 0 1
asc insert 10000 22 25 23 87 9 10 1 1
asc delete 10000 20 46 6 10 1 3 0 1
asc insert 10000 22 25 23 87 9 10 1 1
asc delete 10000 20 46 6 10 1 3 0 1
asc insert 10000 22 25 23 87 9 10 1 1
asc delete 10000 20 46 6 10 1 3 0 1
asc insert 10000 22 25 23 87 9 10 1 1
asc delete 10000 20 46 6 10 1 3 0 1
asc insert 10000 22 25 23 87 9 10 1 1
asc delete 10000 20 48 6 10 1 3 0 1
asc insert 10000 22 25 23 87 9 10 1 1
asc delete 10000 20 46 6 10 1 3 0 1
asc insert 10000 22 25 23 87 9 10 1 1
asc delete 10000 20 48 6 10 1 3 0 1
asc insert 10000 22 25 23 87 9 10 1 1
asc delete 10000 20 46 6 10 1 3 0 1
asc insert 20000 24 27 23 94 9 10 1 1
asc delete 20000 21 50 6 10 1 3 0 1
asc insert 20000 24 27 23 94 9 10 1 1
asc delete 20000 21 50 6 10 1 3 0 1
asc insert 20000 24 27 23 94 9 10 1 1
asc delete 20000 21 52 6 10 1 3 0 1
asc insert 20000 24 27 23 94 9 10 1 1
asc delete 20000 21 50 6 10 1 3 0 1
asc insert 20000 24 27 23 94 9 10 1 1
asc delete 20000 21 50 6 10 1 3 0 1
asc insert 20000 24 27 23 94 9 10 1 1
asc delete 20000 21 51 6 10 1 3 0 1
asc insert 20000 24 27 23 94 9 10 1 1
asc delete 20000 21 51 6 10 1 3 0 1
asc insert 20000 24 27 23 94 9 10 1 1
asc delete 20000 21 50 6 10 1 3 0 1
asc insert 20000 24 27 23 94 9 10 1 1
asc delete 20000 21 52 6 10 1 3 0 1
asc insert 20000 24 27 23 94 9 10 1 1
asc delete 20000 21 50 6 10 1 3 0 1
asc insert 20000 24 27 23 94 9 10 1 1
asc delete 20000 21 52 6 10 1 3 0 1
asc insert 20000 24 27 23 94 9 10 1 1
asc delete 20000 21 51 6 10 1 3 0 1
asc insert 20000 24 27 23 94 9 10 1 1
asc delete 20000 21 50 6 10 1 3 0 1
asc insert 20000 24 27 23 94 9 10 1 1
asc delete 20000 21 50 6 10 1 3 0 1
asc insert 20000 24 27 23 94 9 10 1 1
asc delete 20000 21 50 6 10 1 3 0 1
asc insert 20000 24 27 23 94 9 10 1 1
asc delete 20000 21 52 6 10 1 3 0 1
asc insert 20000 24 27 23 94 9 10 1 1
asc delete 20000 21 52 6 10 1 3 0 1
asc insert 20000 24 27 23 94 9 10 1 1
asc delete 20000 21 52 6 10 1 3 0 1
asc insert 20000 24 27 23 94 9 10 1 1
asc delete 20000 21 50 6 10 1 3 0 1
asc insert 20000 24 27 23 94 9 10 1 1
asc delete 20000 21 51 6 10 1 3 0 1
asc insert 30000 25 28 23 101 9 10 1 1
asc delete 30000 22 53 6 10 1 3 0 1
asc insert 30000 25 28 23 101 9 10 1 1
asc delete 30000 22 54 6 10 1 3 0 1
asc insert 30000 25 28 23 101 9 10 1 1
asc delete 30000 22 54 6 10 1 3 0 1
asc insert 30000 25 28 23 101 9 10 1 1
asc delete 30000 22 52 6 10 1 3 0 1
asc insert 30000 25 28 23 101 9 10 1 1
asc delete 30000 22 53 6 10 1 3 0 1
asc insert 30000 25 28 23 101 9 10 1 1
asc delete 30000 22 54 6 10 1 3 0 1
asc insert 30000 25 28 23 101 9 10 1 1
asc delete 30000 22 54 6 10 1 3 0 1
asc insert 30000 25 28 23 101 9 10 1 1
asc delete 30000 22 53 6 10 1 3 0 1
asc insert 30000 25 28 23 101 9 10 1 1
asc delete 30000 22 52 6 10 1 3 0 1
asc insert 30000 25 28 23 101 9 10 1 1
asc delete 30000 22 51 6 10 1 3 0 1
asc insert 30000 25 28 23 101 9 10 1 1
asc delete 30000 22 53 6 10 1 3 0 1
asc insert 30000 25 28 23 101 9 10 1 1
asc delete 30000 22 52 6 10 1 3 0 1
asc insert 30000 25 28 23 101 9 10 1 1
asc delete 30000 22 54 6 10 1 3 0 1
asc insert 30000 25 28 23 101 9 10 1 1
asc delete 30000 22 54 6 10 1 3 0 1
asc insert 30000 25 28 23 101 9 10 1 1
asc delete 30000 22 52 6 10 1 3 0 1
asc insert 30000 25 28 23 101 9 10 1 1
asc delete 30000 22 52 6 10 1 3 0 1
asc insert 30000 25 28 23 101 9 10 1 1
asc delete 30000 22 54 6 10 1 3 0 1
asc insert 30000 25 28 23 101 9 10 1 1
asc delete 30000 22 54 6 10 1 3 0 1
asc insert 30000 25 28 23 101 9 10 1 1
asc delete 30000 22 51 6 10 1 3 0 1
asc insert 30000 25 28 23 101 9 10 1 1
asc delete 30000 22 54 6 10 1 3 0 1
asc insert 40000 26 29 23 101 9 10 1 1
asc delete 40000 23 56 6 10 1 3 0 1
asc insert 40000 26 29 23 101 9 10 1 1
asc delete 40000 23 54 6 10 1 3 0 1
asc insert 40000 26 29 23 101 9 10 1 1
asc delete 40000 23 54 6 10 1 3 0 1
asc insert 40000 26 29 23 101 9 10 1 1
asc delete 40000 23 54 6 10 1 3 0 1
asc insert 40000 26 29 23 101 9 10 1 1
asc delete 40000 23 55 6 10 1 3 0 1
asc insert 40000 26 29 23 101 9 10 1 1
asc delete 40000 23 53 6 10 1 3 0 1
asc insert 40000 26 29 23 101 9 10 1 1
asc delete 40000 23 56 6 10 1 3 0 1
asc insert 40000 26 29 23 101 9 10 1 1
asc delete 40000 23 53 6 10 1 3 0 1
asc insert 40000 26 29 23 101 9 10 1 1
asc delete 40000 23 54 6 10 1 3 0 1
asc insert 40000 26 29 23 101 9 10 1 1
asc delete 40000 23 55 6 10 1 3 0 1
asc insert 40000 26 29 23 101 9 10 1 1
asc delete 40000 23 56 6 10 1 3 0 1
asc insert 40000 26 29 23 101 9 10 1 1
asc delete 40000 23 56 6 10 1 3 0 1
asc insert 40000 26 29 23 101 9 10 1 1
asc delete 40000 23 54 6 10 1 3 0 1
asc insert 40000 26 29 23 101 9 10 1 1
asc delete 40000 23 54 6 10 1 3 0 1
asc insert 40000 26 29 23 101 9 10 1 1
asc delete 40000 23 55 6 10 1 3 0 1
asc insert 40000 26 29 23 101 9 10 1 1
asc delete 40000 23 55 6 10 1 3 0 1
asc insert 40000 26 29 23 101 9 10 1 1
asc delete 40000 23 55 6 10 1 3 0 1
asc insert 40000 26 29 23 101 9 10 1 1
asc delete 40000 23 55 6 10 1 3 0 1
asc insert 40000 26 29 23 101 9 10 1 1
asc delete 40000 23 53 6 10 1 3 0 1
asc insert 40000 26 29 23 101 9 10 1 1
asc delete 40000 23 54 6 10 1 3 0 1
asc insert 50000 26 30 23 108 9 10 1 1
asc delete 50000 23 58 6 10 1 3 0 1
asc insert 50000 26 30 23 108 9 10 1 1
asc delete 50000 23 58 6 10 1 3 0 1
asc insert 50000 26 30 23 108 9 10 1 1
asc delete 50000 23 58 6 10 1 3 0 1
asc insert 50000 26 30 23 108 9 10 1 1
asc delete 50000 23 57 6 10 1 3 0 1
asc insert 50000 26 30 23 108 9 10 1 1
asc delete 50000 23 58 6 10 1 3 0 1
asc insert 50000 26 30 23 108 9 10 1 1
asc delete 50000 23 56 6 10 1 3 0 1
asc insert 50000 26 30 23 108 9 10 1 1
asc delete 50000 23 55 6 10 1 3 0 1
asc insert 50000 26 30 23 108 9 10 1 1
asc delete 50000 23 57 6 10 1 3 0 1
asc insert 50000 26 30 23 108 9 10 1 1
asc delete 50000 23 56 6 10 1 3 0 1
asc insert 50000 26 30 23 108 9 10 1 1
asc delete 50000 23 57 6 10 1 3 0 1
asc insert 50000 26 30 23 108 9 10 1 1
asc delete 50000 23 58 6 10 1 3 0 1
asc insert 50000 26 30 23 108 9 10 1 1
asc delete 50000 23 56 6 10 1 3 0 1
asc insert 50000 26 30 23 108 9 10 1 1
asc delete 50000 23 57 6 10 1 3 0 1
asc insert 50000 26 30 23 108 9 10 1 1
asc delete 50000 23 58 6 10 1 3 0 1
asc insert 50000 26 30 23 108 9 10 1 1
asc delete 50000 23 55 6 10 1 3 0 1
asc insert 50000 26 30 23 108 9 10 1 1
asc delete 50000 23 58 6 10 1 3 0 1
asc insert 50000 26 30 23 108 9 10 1 1
asc delete 50000 23 57 6 10 1 3 0 1
asc insert 50000 26 30 23 108 9 10 1 1
asc delete 50000 23 58 6 10 1 3 0 1
asc insert 50000 26 30 23 108 9 10 1 1
asc delete 50000 23 58 6 10 1 3 0 1
asc insert 50000 26 30 23 108 9 10 1 1
asc delete 50000 23 58 6 10 1 3 0 1
asc insert 60000 27 30 23 108 9 10 1 1
asc delete 60000 23 56 6 10 1 3 0 1
asc insert 60000 27 30 23 108 9 10 1 1
asc delete 60000 23 56 6 10 1 3 0 1
asc insert 60000 27 30 23 108 9 10 1 1
asc delete 60000 23 57 6 10 1 3 0 1
asc insert 60000 27 30 23 108 9 10 1 1
asc delete 60000 23 58 6 10 1 3 0 1
asc insert 60000 27 30 23 108 9 10 1 1
asc delete 60000 23 55 6 10 1 3 0 1
asc insert 60000 27 30 23 108 9 10 1 1
asc delete 60000 23 56 6 10 1 3 0 1
asc insert 60000 27 30 23 108 9 10 1 1
asc delete 60000 23 58 6 10 1 3 0 1
asc insert 60000 27 30 23 108 9 10 1 1
asc delete 60000 23 57 6 10 1 3 0 1
asc insert 60000 27 30 23 108 9 10 1 1
asc delete 60000 23 57 6 10 1 3 0 1
asc insert 60000 27 30 23 108 9 10 1 1
asc delete 60000 23 58 6 10 1 3 0 1
asc insert 60000 27 30 23 108 9 10 1 1
asc delete 60000 23 58 6 10 1 3 0 1
asc insert 60000 27 30 23 108 9 10 1 1
asc delete 60000 23 58 6 10 1 3 0 1
asc insert 60000 27 30 23 108 9 10 1 1
asc delete 60000 23 56 6 10 1 3 0 1
asc insert 60000 27 30 23 108 9 10 1 1
asc delete 60000 23 55 6 10 1 3 0 1
asc insert 60000 27 30 23 108 9 10 1 1
asc delete 60000 23 56 6 10 1 3 0 1
asc insert 60000 27 30 23 108 9 10 1 1
asc delete 60000 23 56 6 10 1 3 0 1
asc insert 60000 27 30 23 108 9 10 1 1
asc delete 60000 23 56 6 10 1 3 0 1
asc insert 60000 27 30 23 108 9 10 1 1
asc delete 60000 23 56 6 10 1 3 0 1
asc insert 60000 27 30 23 108 9 10 1 1
asc delete 60000 23 57 6 10 1 3 0 1
asc insert 60000 27 30 23 108 9 10 1 1
asc delete 60000 23 57 6 10 1 3 0 1
asc insert 70000 27 31 23 108 9 10 1 1
asc delete 70000 24 58 6 10 1 3 0 1
asc insert 70000 27 31 23 108 9 10 1 1
asc delete 70000 24 58 6 10 1 3 0 1
asc insert 70000 27 31 23 108 9 10 1 1
asc delete 70000 24 58 6 10 1 3 0 1
asc insert 70000 27 31 23 108 9 10 1 1
asc delete 70000 24 60 6 10 1 3 0 1
asc insert 70000 27 31 23 108 9 10 1 1
asc delete 70000 24 58 6 10 1 3 0 1
asc insert 70000 27 31 23 108 9 10 1 1
asc delete 70000 24 57 6 10 1 3 0 1
asc insert 70000 27 31 23 108 9 10 1 1
asc delete 70000 24 58 6 10 1 3 0 1
asc insert 70000 27 31 23 108 9 10 1 1
asc delete 70000 24 59 6 10 1 3 0 1
asc insert 70000 27 31 23 108 9 10 1 1
asc delete 70000 24 58 6 10 1 3 0 1
asc insert 70000 27 31 23 108 9 10 1 1
asc delete 70000 24 58 6 10 1 3 0 1
asc insert 70000 27 31 23 108 9 10 1 1
asc delete 70000 24 59 6 10 1 3 0 1
asc insert 70000 27 31 23 108 9 10 1 1
asc delete 70000 24 60 6 10 1 3 0 1
asc insert 70000 27 31 23 108 9 10 1 1
asc delete 70000 24 58 6 10 1 3 0 1
asc insert 70000 27 31 23 108 9 10 1 1
asc delete 70000 24 60 6 10 1 3 0 1
asc insert 70000 27 31 23 108 9 10 1 1
asc delete 70000 24 58 6 10 1 3 0 1
asc insert 70000 27 31 23 108 9 10 1 1
asc delete 70000 24 59 6 10 1 3 0 1
asc insert 70000 27 31 23 108 9 10 1 1
asc delete 70000 24 58 6 10 1 3 0 1
asc insert 70000 27 31 23 108 9 10 1 1
asc delete 70000 24 59 6 10 1 3 0 1
asc insert 70000 27 31 23 108 9 10 1 1
asc delete 70000 24 59 6 10 1 3 0 1
asc insert 70000 27 31 23 108 9 10 1 1
asc delete 70000 24 60 6 10 1 3 0 1
asc insert 80000 28 31 23 108 9 10 1 1
asc delete 80000 24 58 6 10 1 3 0 1
asc insert 80000 28 31 23 108 9 10 1 1
asc delete 80000 24 58 6 10 1 3 0 1
asc insert 80000 28 31 23 108 9 10 1 1
asc delete 80000 24 59 6 10 1 3 0 1
asc insert 80000 28 31 23 108 9 10 1 1
asc delete 80000 24 59 6 10 1 3 0 1
asc insert 80000 28 31 23 108 9 10 1 1
asc delete 80000 24 58 6 10 1 3 0 1
asc insert 80000 28 31 23 108 9 10 1 1
asc delete 80000 24 60 6 10 1 3 0 1
asc insert 80000 28 31 23 108 9 10 1 1
asc delete 80000 24 59 6 10 1 3 0 1
asc insert 80000 28 31 23 108 9 10 1 1
asc delete 80000 24 60 6 10 1 3 0 1
asc insert 80000 28 31 23 108 9 10 1 1
asc delete 80000 24 58 6 10 1 3 0 1
asc insert 80000 28 31 23 108 9 10 1 1
asc delete 80000 24 58 6 10 1 3 0 1
asc insert 80000 28 31 23 108 9 10 1 1
asc delete 80000 24 58 6 10 1 3 0 1
asc insert 80000 28 31 23 108 9 10 1 1
asc delete 80000 24 59 6 10 1 3 0 1
asc insert 80000 28 31 23 108 9 10 1 1
asc delete 80000 24 57 6 10 1 3 0 1
asc insert 80000 28 31 23 108 9 10 1 1
asc delete 80000 24 58 6 10 1 3 0 1
asc insert 80000 28 31 23 108 9 10 1 1
asc delete 80000 24 60 6 10 1 3 0 1
asc insert 80000 28 31 23 108 9 10 1 1
asc delete 80000 24 60 6 10 1 3 0 1
asc insert 80000 28 31 23 108 9 10 1 1
asc delete 80000 24 57 6 10 1 3 0 1
asc insert 80000 28 31 23 108 9 10 1 1
asc delete 80000 24 58 6 10 1 3 0 1
asc insert 80000 28 31 23 108 9 10 1 1
asc delete 80000 24 58 6 10 1 3 0 1
asc insert 80000 28 31 23 108 9 10 1 1
asc delete 80000 24 60 6 10 1 3 0 1
asc insert 90000 28 31 23 115 9 10 1 1
asc delete 90000 24 58 6 10 1 3 0 1
asc insert 90000 28 31 23 115 9 10 1 1
asc delete 90000 24 58 6 10 1 3 0 1
asc insert 90000 28 31 23 115 9 10 1 1
asc delete 90000 24 58 6 10 1 3 0 1
asc insert 90000 28 31 23 115 9 10 1 1
asc delete 90000 24 58 6 10 1 3 0 1
asc insert 90000 28 31 23 115 9 10 1 1
asc delete 90000 24 58 6 10 1 3 0 1
asc insert 90000 28 31 23 115 9 10 1 1
asc delete 90000 24 59 6 10 1 3 0 1
asc insert 90000 28 31 23 115 9 10 1 1
asc delete 90000 24 60 6 10 1 3 0 1
asc insert 90000 28 31 23 115 9 10 1 1
asc delete 90000 24 59 6 10 1 3 0 1
asc insert 90000 28 31 23 115 9 10 1 1
asc delete 90000 24 58 6 10 1 3 0 1
asc insert 90000 28 31 23 115 9 10 1 1
asc delete 90000 24 58 6 10 1 3 0 1
asc insert 90000 28 31 23 115 9 10 1 1
asc delete 90000 24 60 6 10 1 3 0 1
asc insert 90000 28 31 23 115 9 10 1 1
asc delete 90000 24 58 6 10 1 3 0 1
asc insert 90000 28 31 23 115 9 10 1 1
asc delete 90000 24 58 6 10 1 3 0 1
asc insert 90000 28 31 23 115 9 10 1 1
asc delete 90000 24 57 6 10 1 3 0 1
asc insert 90000 28 31 23 115 9 10 1 1
asc delete 90000 24 58 6 10 1 3 0 1
asc insert 90000 28 31 23 115 9 10 1 1
asc delete 90000 24 57 6 10 1 3 0 1
asc insert 90000 28 31 23 115 9 10 1 1
asc delete 90000 24 57 6 10 1 3 0 1
asc insert 90000 28 31 23 115 9 10 1 1
asc delete 90000 24 60 6 10 1 3 0 1
asc insert 90000 28 31 23 115 9 10 1 1
asc delete 90000 24 57 6 10 1 3 0 1
asc insert 90000 28 31 23 115 9 10 1 1
asc delete 90000 24 58 6 10 1 3 0 1
asc insert 100000 28 32 23 115 9 10 1 1
asc delete 100000 24 60 6 10 1 3 0 1
asc insert 100000 28 32 23 115 9 10 1 1
asc delete 100000 24 61 6 10 1 3 0 1
asc insert 100000 28 32 23 115 9 10 1 1
asc delete 100000 24 62 6 10 1 3 0 1
asc insert 100000 28 32 23 115 9 10 1 1
asc delete 100000 24 60 6 10 1 3 0 1
asc insert 100000 28 32 23 115 9 10 1 1
asc delete 100000 24 58 6 10 1 3 0 1
asc insert 100000 28 32 23 115 9 10 1 1
asc delete 100000 24 60 6 10 1 3 0 1
asc insert 100000 28 32 23 115 9 10 1 1
asc delete 100000 24 60 6 10 1 3 0 1
asc insert 100000 28 32 23 115 9 10 1 1
asc delete 100000 24 62 6 10 1 3 0 1
asc insert 100000 28 32 23 115 9 10 1 1
asc delete 100000 24 60 6 10 1 3 0 1
asc insert 100000 28 32 23 115 9 10 1 1
asc delete 100000 24 60 6 10 1 3 0 1
asc insert 100000 28 32 23 115 9 10 1 1
asc delete 100000 24 60 6 10 1 3 0 1
asc insert 100000 28 32 23 115 9 10 1 1
asc delete 100000 24 60 6 10 1 3 0 1
asc insert 100000 28 32 23 115 9 10 1 1
asc delete 100000 24 59 6 10 1 3 0 1
asc insert 100000 28 32 23 115 9 10 1 1
asc delete 100000 24 60 6 10 1 3 0 1
asc insert 100000 28 32 23 115 9 10 1 1
asc delete 100000 24 60 6 10 1 3 0 1
asc insert 100000 28 32 23 115 9 10 1 1
asc delete 100000 24 60 6 10 1 3 0 1
asc insert 100000 28 32 23 115 9 10 1 1
asc delete 100000 24 58 6 10 1 3 0 1
asc insert 100000 28 32 23 115 9 10 1 1
asc delete 100000 24 62 6 10 1 3 0 1
asc insert 100000 28 32 23 115 9 10 1 1
asc delete 100000 24 61 6 10 1 3 0 1
asc insert 100000 28 32 23 115 9 10 1 1
asc delete 100000 24 62 6 10 1 3 0 1
