Groups of 10
24125
24834
26263
25879
23249
26737
25981
25483
24817
25657
26290
25003
23011
22417
24732
23598
25363
25516
25433
24743
25237
24257
24391
24906
23477
24654
24179
23881
26939
24878
22904
25599
24289
25037
25215
24785
24102
26169
22799
23569
25067
26085
25578
26630
25964
25265
25945
26202
25995
26060
25384
25661
25207
24877
25919
25852
25611
24724
22405
25908
25801
24455
24838
23217
24933
26752
25474
23886
26420
23722
25665
26019
24325
25880
23218
26626
25520
24898
24845
26246
25511
21853
22769
24810
26179
24820
22504
24851
23731
25152
24665
21931
22683
24737
22107
25525
25015
24987
23484
26588
Groups of 100
23249
22417
23477
22799
25067
22405
23217
23218
21853
21931
The best one
21853
