Groups of 10
88000
87340
89799
88370
86641
91267
86404
85742
87631
86192
86484
90826
88388
86818
87040
84548
85331
89478
90752
87816
88335
89496
84642
89472
87472
83658
87310
89634
89100
88734
87521
87331
85928
86311
83096
88753
90164
88923
85699
87064
87518
89567
89797
90436
88150
90394
89072
90995
89435
88873
84815
85102
87874
88769
87173
88558
89261
86409
90095
86913
85165
86965
89446
88650
88540
88613
89533
90306
87659
89872
89508
88080
89943
85817
87494
89472
85553
88088
88737
87447
91432
88623
89229
85948
89905
86656
88060
90444
88248
85707
86072
89021
84675
88517
88319
87956
85792
87281
88659
89598
Groups of 100
85742
84548
83658
83096
87518
84815
85165
85553
85707
84675
The best one
83096
