Groups of 10
1568461
1586094
1597255
1586924
1570279
1555335
1591602
1611633
1586062
1558142
1593408
1596193
1616631
1604140
1570583
1610464
1617640
1582322
1607324
1580340
1600256
1607163
1604827
1581236
1616390
1570375
1607510
1620629
1599079
1608464
1594898
1629893
1571309
1583832
1605650
1604229
1598536
1575888
1592077
1569378
1622930
1582367
1602674
1601806
1606289
1593605
1589808
1608311
1597254
1582323
1596193
1588916
1611310
1579707
1586820
1623698
1603101
1601768
1582685
1592290
1590326
1575375
1597476
1591158
1575579
1603316
1564110
1603807
1601794
1600643
1612086
1589001
1569887
1596128
1594876
1602429
1602573
1604388
1599951
1615167
1576965
1592479
1599199
1592929
1587975
1595780
1603803
1575578
1571051
1597853
1590047
1601848
1589914
1602728
1575016
1601073
1609765
1611398
1619080
1587662
Groups of 100
1555335
1570583
1570375
1569378
1582323
1579707
1564110
1569887
1571051
1575016
The best one
1555335
