Groups of 10
99021
89116
91406
86588
97897
95738
92259
94576
91180
97117
95483
106107
87380
94053
105160
94529
94924
94550
94041
97935
82811
90473
89030
96633
99694
92898
99744
88927
93136
91038
88436
99739
95586
89433
100433
95782
93179
101853
85265
84120
100567
95624
105092
99572
81511
88845
103839
99720
88141
94105
89732
98283
90932
97424
107812
86168
102921
97004
97527
104257
100155
101994
96037
93121
86231
87944
95923
95373
98816
96500
100446
89710
91379
80428
97413
95062
97302
92254
81763
97620
96672
95736
94193
104551
85000
96769
98748
96721
89775
104465
94097
93736
97439
82852
97260
86083
92918
94078
88006
91969
Groups of 100
86588
87380
82811
84120
81511
86168
86231
80428
85000
82852
The best one
80428
