Groups of 10
2318109
2325355
2334780
2300856
2299460
2312358
2323257
2314756
2343017
2327168
2275478
2321731
2227510
2307864
2349876
2254803
2290083
2297654
2336890
2296799
2351789
2327384
2329194
2295697
2326758
2286834
2290671
2307368
2316594
2289559
2326822
2282757
2320559
2285120
2282528
2308746
2366477
2314979
2303788
2313540
2272752
2308917
2342506
2282693
2315832
2263520
2286494
2309387
2329166
2310498
2289330
2330954
2286832
2306961
2288512
2258113
2332340
2299425
2293538
2332062
2343320
2318624
2345599
2283580
2296627
2335215
2295749
2324163
2302438
2321608
2290260
2273992
2330218
2336453
2332982
2277501
2349626
2322107
2295490
2307022
2323167
2296358
2349083
2319023
2319946
2298322
2290570
2326002
2334966
2338446
2303676
2284613
2304494
2344541
2300646
2329233
2341613
2312647
2312578
2319234
Groups of 100
2299460
2227510
2286834
2282528
2263520
2258113
2283580
2273992
2290570
2284613
The best one
2227510
